90457
90426
90422
90408
90396
90395
90395
90389
90382
90370
90363
90356
90350
90347
90335
90321
90309
90308
90297
90284
90269
90260
90254
90247
90233
90221
90215
90214
90214
90189
90176
90165
90165
90161
90152
90149
90145
90130
90127
90108
90094
90091
90067
90063
90056
90041
90024
90000
89984
89977
89977
89967
89948
89922
89914
89913
89904
89893
89891
89883
89876
89868
89863
89860
89851
89851
89847
89818
89806
89774
89773
89769
89767
89765
89765
89762
89759
89759
89750
89750
89749
89745
89715
89675
89673
89665
89663
89660
89641
89608
89584
89568
89566
89558
89556
89550
89543
89529
89527
89514
