94683
94674
94667
94658
94649
94645
94632
94627
94610
94607
94603
94588
94587
94578
94574
94574
94568
94556
94555
94546
94542
94538
94532
94529
94505
94492
94490
94490
94482
94477
94473
94459
94453
94447
94447
94446
94440
94437
94435
94406
94396
94389
94388
94351
94346
94343
94339
94321
94308
94307
94298
94286
94276
94271
94260
94249
94227
94216
94208
94208
94174
94152
94148
94146
94146
94138
94126
94099
94090
94081
94070
94062
94018
93981
93975
93965
93951
93933
93932
93920
93878
93866
93854
93854
93851
93846
93828
93814
93806
93799
93787
93787
93786
93776
93773
93772
93754
93752
93717
93702
93687
93676
93671
93644
93643
93642
93633
93609
93601
93593
93589
93575
93568
93567
93560
93544
93535
93530
93523
93496
93493
93483
93479
93451
93444
93422
93421
93421
93412
93409
93397
93394
93381
93377
93354
93341
93338
93333
93323
93314
93305
93296
93279
93269
93264
93244
93227
93208
93206
93202
93177
93176
93175
93171
93151
93149
93130
93130
93129
93097
93089
93087
93086
93080
93068
93055
93050
93040
93026
93008
93007
92979
92975
92972
92958
92954
92936
92934
92927
92922
92916
92865
92857
92848
92838
92828
92822
92820
92810
92804
92784
92777
92775
92771
92730
92704
92688
92672
92667
92659
92632
92606
92593
92591
92591
92591
92578
92559
92546
92544
92533
92507
92507
92478
92477
92469
92464
92461
92458
92416
92403
92402
92389
92332
92318
92306
92279
92265
92229
92221
92221
92209
92209
92197
92191
92189
92181
92177
92169
92166
92164
92160
92155
92147
92137
92132
92126
92107
92106
92099
92094
92091
92082
92066
92060
92050
92026
92013
91989
91945
91945
91942
91935
91927
91919
91914
91901
91887
91862
91850
91838
91830
91819
91809
91781
91780
91768
91767
91737
91731
91720
91713
91701
91690
91672
91659
91657
91643
91634
91628
91621
91606
91598
91589
91570
91569
91569
91566
91560
91543
91534
91531
91506
91504
91486
91483
91483
91478
91469
91438
91432
91420
91416
91390
91386
91385
91351
91346
91338
91325
91316
91304
91292
91285
91283
91268
91267
91263
91251
91242
91241
91238
91199
91186
91168
91152
91151
91124
91111
91104
91101
91096
91076
91068
91059
91051
91048
91048
91047
91039
91038
91028
91018
91005
90975
90968
90962
90954
90929
90924
90919
90913
90894
90853
90853
90851
90848
90844
90844
90843
90818
90807
90788
90779
90774
90768
90764
90737
90735
90733
90731
90728
90690
90688
90681
90679
90671
90657
90654
90647
90633
90626
90615
90601
90589
90574
90572
90553
90543
90533
90524
90523
90511
90487
90476
90474
90469
90465
90462
90457
90426
90422
90408
90396
90395
90395
90389
90382
90370
90363
90356
90350
90347
90335
90321
90309
90308
90297
90284
90269
90260
90254
90247
90233
90221
90215
90214
90214
90189
90176
90165
90165
90161
90152
90149
90145
90130
90127
90108
90094
90091
90067
90063
90056
90041
90024
90000
89984
89977
89977
89967
89948
89922
89914
89913
89904
89893
89891
89883
89876
89868
89863
89860
89851
89851
89847
89818
89806
89774
89773
89769
89767
89765
89765
89762
89759
89759
89750
89750
89749
89745
89715
89675
89673
89665
89663
89660
89641
89608
89584
89568
89566
89558
89556
89550
89543
89529
89527
89514
89510
89508
89507
89482
89480
89453
89452
89435
89433
89432
89432
89419
89419
89414
89401
89391
89390
89389
89371
89368
89359
89357
89348
89345
89343
89335
89289
89283
89277
89272
89271
89267
89234
89210
89206
89205
89194
89183
89164
89158
89147
89125
89124
89100
89073
89069
89066
89049
89038
89010
89010
89010
89003
88982
88966
88961
88956
88927
88924
88918
88900
88895
88876
88863
88852
88849
88838
88831
88830
88819
88787
88786
88776
88772
88772
88761
88758
88756
88735
88734
88732
88725
88701
88695
88669
88617
88609
88601
88599
88598
88562
88560
88552
88550
88538
88530
88519
88502
88496
88477
88448
88448
88441
88434
88408
88404
88402
88402
88396
88376
88374
88364
88357
88355
88347
88342
88331
88330
88327
88323
88317
88310
88307
88303
88273
88272
88271
88265
88253
88231
88213
88207
88192
88188
88186
88168
88163
88159
88147
88138
88123
88114
88113
88110
88105
88103
88103
88075
88074
88074
88068
88051
88038
88034
88010
87982
87981
87957
87908
87903
87898
87889
87887
87885
87884
87865
87863
87841
87837
87817
87801
87778
87770
87765
87755
87746
87740
87718
87715
87712
87699
87699
87695
87665
87662
87660
87654
87644
87644
87638
87626
87623
87602
87599
87598
87589
87581
87566
87552
87511
87495
87494
87487
87480
87466
87464
87463
87445
87425
87413
87411
87409
87407
87387
87381
87363
87361
87360
87351
87338
87324
87293
87290
87276
87276
87271
87258
87252
87249
87244
87236
87232
87232
87229
87225
87208
87167
87131
87124
87123
87122
87107
87101
87081
87080
87076
87072
87069
87058
87051
87045
87026
87009
87002
87002
86995
86993
86991
86974
86973
86970
86958
86944
86940
86939
86937
86929
86927
86920
86917
86916
86906
86898
86896
86871
86854
86852
86847
86844
86824
86811
86804
86801
86792
86779
86752
86752
86751
86750
86744
86688
86660
86654
86642
86634
86619
86594
86587
86559
86546
86541
86536
86534
86530
86518
86492
86490
86482
86480
86476
86451
86439
86428
86419
86418
86413
86408
86400
86399
86395
86394
86387
86383
86382
86379
86376
86372
86366
86352
86350
86344
86341
86337
86302
86301
86296
86277
86240
86215
86204
86199
86197
86195
86191
86175
86147
86137
86135
86121
86120
86119
86110
86110
86110
86108
86096
86094
86088
86082
86082
86068
86066
86037
86021
85988
85987
85972
85934
85917
85905
85887
85872
85867
85841
85831
85808
85806
85789
85779
85778
85770
85754
85746
85736
85733
85732
85723
85722
85711
85703
85688
85678
85677
85656
85650
85650
85647
85646
85645
85617
85602
85589
85580
85570
85564
85540
85535
85520
85495
85471
85470
85464
85444
85422
85420
85417
85398
85367
85364
85357
85355
85337
85327
85323
85323
85312
85299
85252
85245
85215
85215
85214
85213
85207
85207
85178
85142
85139
85122
85118
85103
85100
85092
85078
85076
85069
85068
85054
85048
85048
85038
85002
85002
84999
84988
84976
84974
84969
84965
84960
84944
84913
84902
84901
84893
84891
84882
84881
84870
84857
84851
84844
84837
84829
84795
84779
84778
84770
84769
84758
84754
84746
84727
84714
84714
84710
84704
84664
84643
84618
84607
