99979
99961
99948
99941
99935
99925
99911
99896
99878
99873
99870
99853
99844
99839
99833
99817
99817
99815
99802
99800
99776
99762
99735
99716
99706
99700
99696
99694
99679
99667
99665
99650
99641
99639
99619
99613
99570
99567
99553
99540
99528
99527
99524
99512
99511
99508
99493
99483
99453
99439
99438
99382
99373
99365
99360
99346
99336
99320
99306
99290
99283
99279
99275
99269
99266
99265
99263
99262
99257
99253
99235
99232
99226
99218
99199
99185
99177
99174
99173
99171
99135
99124
99106
99106
99095
99087
99076
99073
99056
99037
99035
99028
99019
99003
98980
98974
98973
98971
98971
98957
98952
98944
98941
98915
98913
98911
98889
98887
98871
98847
98845
98831
98823
98821
98809
98801
98793
98781
98777
98767
98765
98765
98757
98754
98752
98750
98741
98734
98731
98721
98717
98684
98679
98669
98642
98639
98634
98627
98626
98625
98615
98613
98578
98540
98540
98527
98517
98515
98491
98489
98475
98422
98422
98418
98411
98401
98391
98358
98339
98328
98325
98323
98285
98280
98251
98226
98166
98156
98150
98146
98138
98114
98113
98108
98104
98100
98095
98072
98071
98065
98056
98035
98025
98019
98009
97995
97983
97951
97944
97927
97917
97912
97903
97895
97894
97892
97886
97835
97818
97799
97787
97787
97782
97768
97757
97746
97734
97725
97721
97711
97705
97698
97688
97679
97668
97668
97665
97662
97638
97620
97602
97600
97595
97591
97581
97574
97565
97524
97508
97505
97502
97488
97485
97479
97472
97461
97447
97447
97441
97421
97416
97414
97413
97412
97391
97390
97368
97368
97357
97344
97335
97320
97318
97289
97263
97257
97232
97227
97219
97207
97199
97183
97178
97178
97176
97165
97147
97130
97104
97099
97099
97098
97098
97097
97087
97042
97041
97039
97037
97006
96996
96994
96985
96977
96976
96974
96974
96954
96927
96923
96900
96890
96882
96877
96873
96872
96863
96853
96846
96793
96783
96781
96771
96770
96765
96737
96726
96713
96702
96701
96679
96663
96652
96648
96641
96625
96604
96592
96587
96567
96560
96549
96542
96542
96534
96518
96515
96509
96502
96499
96497
96475
96465
96445
96433
96430
96412
96411
96387
96373
96372
96371
96363
96362
96360
96358
96331
96316
96307
96306
96303
96292
96265
96257
96252
96217
96165
96161
96156
96143
96123
96118
96117
96115
96102
96098
96093
96073
96070
96057
96050
96031
96030
96025
96024
96020
96018
96009
96007
95993
95973
95963
95959
95951
95931
95899
95893
95886
95861
95852
95846
95845
95845
95844
95806
95804
95787
95780
95773
95762
95761
95753
95744
95724
95720
95702
95696
95680
95672
95671
95666
95654
95643
95642
95634
95596
95568
95557
95519
95516
95509
95506
95503
95484
95458
95444
95436
95412
95404
95390
95389
95364
95361
95359
95350
95348
95333
95313
95304
95303
95297
95289
95274
95268
95262
95258
95239
95237
95213
95196
95196
95191
95189
95180
95166
95166
95164
95156
95139
95124
95099
95099
95084
95083
95080
95064
95063
95060
95056
95051
95043
95025
95006
94986
94984
94978
94955
94945
94938
94932
94927
94905
94897
94857
94856
94848
94835
94833
94822
94796
94789
94786
94780
94776
94774
94770
94767
94765
94764
94760
94759
94759
94738
94736
94733
94726
94716
94716
94712
94702
94699
94697
94692
94683
94674
94667
94658
94649
94645
94632
94627
94610
94607
94603
94588
94587
94578
94574
94574
94568
94556
94555
94546
94542
94538
94532
94529
94505
94492
94490
94490
94482
94477
94473
94459
94453
94447
94447
94446
94440
94437
94435
94406
94396
94389
94388
94351
94346
94343
94339
94321
94308
94307
94298
94286
94276
94271
94260
94249
94227
94216
94208
94208
94174
94152
94148
94146
94146
94138
94126
94099
94090
94081
94070
94062
94018
93981
93975
93965
93951
93933
93932
93920
93878
93866
93854
93854
93851
93846
93828
93814
93806
93799
93787
93787
93786
93776
93773
93772
93754
93752
93717
93702
93687
93676
93671
93644
93643
93642
93633
93609
93601
93593
93589
93575
93568
93567
93560
93544
93535
93530
93523
93496
93493
93483
93479
93451
93444
93422
93421
93421
93412
93409
93397
93394
93381
93377
93354
93341
93338
93333
93323
93314
93305
93296
93279
93269
93264
93244
93227
93208
93206
93202
93177
93176
93175
93171
93151
93149
93130
93130
93129
93097
93089
93087
93086
93080
93068
93055
93050
93040
93026
93008
93007
92979
92975
92972
92958
92954
92936
92934
92927
92922
92916
92865
92857
92848
92838
92828
92822
92820
92810
92804
92784
92777
92775
92771
92730
92704
92688
92672
92667
92659
92632
92606
92593
92591
92591
92591
92578
92559
92546
92544
92533
92507
92507
92478
92477
92469
92464
92461
92458
92416
92403
92402
92389
92332
92318
92306
92279
92265
92229
92221
92221
92209
92209
92197
92191
92189
92181
92177
92169
92166
92164
92160
92155
92147
92137
92132
92126
92107
92106
92099
92094
92091
92082
92066
92060
92050
92026
92013
91989
91945
91945
91942
91935
91927
91919
91914
91901
91887
91862
91850
91838
91830
91819
91809
91781
91780
91768
91767
91737
91731
91720
91713
91701
91690
91672
91659
91657
91643
91634
91628
91621
91606
91598
91589
91570
91569
91569
91566
91560
91543
91534
91531
91506
91504
91486
91483
91483
91478
91469
91438
91432
91420
91416
91390
91386
91385
91351
91346
91338
91325
91316
91304
91292
91285
91283
91268
91267
91263
91251
91242
91241
91238
91199
91186
91168
91152
91151
91124
91111
91104
91101
91096
91076
91068
91059
91051
91048
91048
91047
91039
91038
91028
91018
91005
90975
90968
90962
90954
90929
90924
90919
90913
90894
90853
90853
90851
90848
90844
90844
90843
90818
90807
90788
90779
90774
90768
90764
90737
90735
90733
90731
90728
90690
90688
90681
90679
90671
90657
90654
90647
90633
90626
90615
90601
90589
90574
90572
90553
90543
90533
90524
90523
90511
90487
90476
90474
90469
90465
90462
90457
90426
90422
90408
90396
90395
90395
90389
90382
90370
90363
90356
90350
90347
90335
90321
90309
90308
90297
90284
90269
90260
90254
90247
90233
90221
90215
90214
90214
90189
90176
90165
90165
90161
90152
90149
90145
90130
90127
90108
90094
90091
90067
90063
90056
90041
90024
90000
89984
89977
89977
89967
89948
89922
89914
89913
89904
89893
89891
89883
89876
89868
89863
89860
89851
89851
89847
89818
89806
89774
89773
89769
89767
89765
89765
89762
89759
89759
89750
89750
89749
89745
89715
89675
89673
89665
89663
89660
89641
89608
89584
89568
89566
89558
89556
89550
89543
89529
89527
89514
89510
89508
89507
89482
89480
89453
89452
89435
89433
89432
89432
89419
89419
89414
89401
89391
89390
89389
89371
89368
89359
89357
89348
89345
89343
89335
89289
89283
89277
89272
89271
89267
89234
89210
89206
89205
89194
89183
89164
89158
89147
89125
89124
89100
89073
89069
89066
89049
89038
89010
89010
89010
89003
88982
88966
88961
88956
88927
88924
88918
88900
88895
88876
88863
88852
88849
88838
88831
88830
88819
88787
88786
88776
88772
88772
88761
88758
88756
88735
88734
88732
88725
88701
88695
88669
88617
88609
88601
88599
88598
88562
88560
88552
88550
88538
88530
88519
88502
88496
88477
88448
88448
88441
88434
88408
88404
88402
88402
88396
88376
88374
88364
88357
88355
88347
88342
88331
88330
88327
88323
88317
88310
88307
88303
88273
88272
88271
88265
88253
88231
88213
88207
88192
88188
88186
88168
88163
88159
88147
88138
88123
88114
88113
88110
88105
88103
88103
88075
88074
88074
88068
88051
88038
88034
88010
87982
87981
87957
87908
87903
87898
87889
87887
87885
87884
87865
87863
87841
87837
87817
87801
87778
87770
87765
87755
87746
87740
87718
87715
87712
87699
87699
87695
87665
87662
87660
87654
87644
87644
87638
87626
87623
87602
87599
87598
87589
87581
87566
87552
87511
87495
87494
87487
87480
87466
87464
87463
87445
87425
87413
87411
87409
87407
87387
87381
87363
87361
87360
87351
87338
87324
87293
87290
87276
87276
87271
87258
87252
87249
87244
87236
87232
87232
87229
87225
87208
87167
87131
87124
87123
87122
87107
87101
87081
87080
87076
87072
87069
87058
87051
87045
87026
87009
87002
87002
86995
86993
86991
86974
86973
86970
86958
86944
86940
86939
86937
86929
86927
86920
86917
86916
86906
86898
86896
86871
86854
86852
86847
86844
86824
86811
86804
86801
86792
86779
86752
86752
86751
86750
86744
86688
86660
86654
86642
86634
86619
86594
86587
86559
86546
86541
86536
86534
86530
86518
86492
86490
86482
86480
86476
86451
86439
86428
86419
86418
86413
86408
86400
86399
86395
86394
86387
86383
86382
86379
86376
86372
86366
86352
86350
86344
86341
86337
86302
86301
86296
86277
86240
86215
86204
86199
86197
86195
86191
86175
86147
86137
86135
86121
86120
86119
86110
86110
86110
86108
86096
86094
86088
86082
86082
86068
86066
86037
86021
85988
85987
85972
85934
85917
85905
85887
85872
85867
85841
85831
85808
85806
85789
85779
85778
85770
85754
85746
85736
85733
85732
85723
85722
85711
85703
85688
85678
85677
85656
85650
85650
85647
85646
85645
85617
85602
85589
85580
85570
85564
85540
85535
85520
85495
85471
85470
85464
85444
85422
85420
85417
85398
85367
85364
85357
85355
85337
85327
85323
85323
85312
85299
85252
85245
85215
85215
85214
85213
85207
85207
85178
85142
85139
85122
85118
85103
85100
85092
85078
85076
85069
85068
85054
85048
85048
85038
85002
85002
84999
84988
84976
84974
84969
84965
84960
84944
84913
84902
84901
84893
84891
84882
84881
84870
84857
84851
84844
84837
84829
84795
84779
84778
84770
84769
84758
84754
84746
84727
84714
84714
84710
84704
84664
84643
84618
84607
84591
84577
84566
84565
84557
84542
84529
84509
84499
84496
84491
84470
84463
84461
84456
84448
84442
84424
84416
84403
84373
84373
84372
84362
84344
84339
84332
84311
84282
84268
84265
84259
84247
84237
84226
84220
84201
84181
84174
84165
84153
84152
84137
84137
84123
84118
84105
84101
84071
84054
84035
84022
84017
84002
83985
83977
83973
83967
83943
83940
83913
83909
83893
83893
83877
83852
83826
83824
83815
83792
83785
83780
83779
83777
83771
83771
83756
83742
83735
83723
83719
83714
83670
83666
83634
83619
83607
83604
83596
83595
83563
83552
83545
83543
83482
83482
83455
83431
83426
83421
83420
83419
83410
83407
83404
83400
83376
83346
83342
83325
83301
83289
83286
83285
83283
83272
83272
83266
83260
83248
83240
83228
83226
83215
83214
83211
83180
83160
83155
83151
83130
83128
83128
83106
83074
83040
83038
83033
83018
83013
83004
83003
83003
83000
82987
82976
82945
82944
82931
82919
82919
82910
82898
82880
82874
82873
82868
82865
82844
82839
82824
82818
82809
82805
82792
82792
82777
82775
82772
82767
82766
82763
82760
82754
82736
82713
82702
82698
82693
82658
82641
82635
82633
82628
82623
82623
82591
82572
82569
82565
82560
82559
82553
82515
82492
82485
82485
82469
82448
82442
82440
82424
82405
82387
82378
82373
82354
82337
82314
82300
82299
82292
82283
82282
82264
82263
82221
82219
82209
82201
82187
82175
82135
82120
82079
82078
82077
82076
82073
82069
82064
82059
82044
82036
82011
82010
82000
81980
81929
81928
81919
81913
81911
81910
81897
81894
81865
81829
81825
81822
81815
81806
81798
81792
81783
81749
81741
81735
81732
81729
81717
81708
81677
81665
81616
81615
81606
81583
81583
81557
81548
81540
81530
81517
81508
81486
81469
81461
81461
81432
81421
81388
81360
81337
81337
81334
81310
81310
81309
81308
81302
81282
81274
81264
81254
81248
81240
81235
81229
81228
81222
81213
81189
81178
81151
81126
81117
81108
81106
81104
81100
81086
81084
81080
81063
81060
81057
81051
81046
81041
81035
81024
81011
81007
81003
80999
80984
80977
80947
80942
80942
80941
80939
80929
80926
80903
80903
80883
80873
80862
80848
80842
80832
80831
80814
80808
80806
80759
80755
80739
80735
80727
80712
80708
80706
80704
80696
80681
80672
80666
80635
80633
80619
80616
80610
80575
80569
80555
80535
80529
80517
80514
80488
80486
80482
80460
80447
80415
80390
80389
80383
80379
80378
80364
80363
80362
80348
80347
80338
80335
80314
80288
80285
80271
80269
80244
80233
80208
80201
80192
80191
80154
80152
80138
80126
80112
80103
80102
80097
80092
80088
80070
80069
80062
80062
80060
80048
80043
80035
80017
80012
80005
80003
79994
79992
79970
79948
79929
79906
79894
79890
79890
79884
79867
79863
79861
79858
79851
79839
79832
79831
79824
79810
79758
79752
79751
79743
79741
79733
79729
79716
79710
79704
79678
79675
79663
79629
79623
79622
79620
79603
79587
79586
79553
79541
79539
79531
79526
79520
79504
79501
79499
79499
79494
79481
79457
79452
79446
79437
79437
79427
79421
79406
79399
79384
79359
79358
79332
79293
79282
79263
79250
79244
79242
79219
79213
79213
79211
79207
79187
79162
79146
79137
79130
79130
79126
79107
79104
79092
79076
79073
79067
79055
79042
79034
79020
79017
79009
78996
78992
78988
78969
78964
78955
78941
78938
78917
78916
78899
78879
78873
78862
78852
78827
78824
78795
78769
78760
78749
78745
78740
78714
78707
78697
78689
78678
78667
78649
78640
78620
78613
78610
78605
78603
78595
78594
78583
78569
78557
78542
78530
78527
78519
78487
78487
78482
78476
78474
78472
78453
78449
78448
78441
78428
78427
78415
78408
78393
78388
78376
78366
78362
78334
78313
78311
78305
78296
78265
78231
78230
78206
78204
78200
78198
78164
78163
78158
78154
78150
78145
78138
78127
78127
78125
78120
78116
78112
78109
78099
78072
78050
78041
78039
78032
78030
78019
78015
78009
78008
77998
77994
77969
77949
77949
77938
77920
77915
77915
77906
77885
77870
77867
77865
77857
77854
77850
77847
77837
77826
77821
77817
77814
77800
77796
77796
77789
77780
77765
77753
77749
77748
77744
77709
77707
77702
77692
77679
77655
77635
77632
77629
77611
77608
77606
77600
77589
77583
77577
77562
77559
77556
77527
77524
77520
77518
77508
77505
77499
77498
77488
77488
77488
77485
77483
77482
77476
77465
77456
77450
77450
77406
77394
77384
77338
77328
77326
77317
77317
77298
77297
77260
77259
77246
77236
77231
77221
77214
77206
77196
77185
77182
77157
77151
77135
77134
77129
77106
77100
77089
77074
77062
77061
77060
77042
77035
77011
77010
76985
76978
76961
76951
76930
76918
76875
76869
76865
76861
76850
76849
76847
76845
76837
76831
76828
76808
76808
76807
76804
76792
76771
76768
76764
76752
76743
76743
76733
76709
76709
76698
76694
76686
76669
76653
76634
76624
76623
76615
76601
76600
76599
76595
76581
76558
76544
76541
76526
76524
76521
76516
76509
76500
76497
76486
76470
76462
76459
76458
76457
76452
76451
76448
76438
76433
76413
76409
76396
76391
76386
76384
76358
76344
76343
76341
76323
76321
76296
76294
76277
76250
76233
76230
76225
76219
76215
76208
76204
76184
76167
76162
76161
76145
76141
76136
76127
76125
76105
76095
76089
76078
76050
76049
76041
76037
76029
76005
76003
75993
75989
75989
75985
75971
75952
75948
75943
75935
75926
75904
75895
75850
75844
75843
75841
75837
75835
75811
75797
75791
75789
75788
75739
75739
75734
75727
75718
75673
75665
75660
75657
75641
75641
75632
75613
75597
75589
75589
75576
75576
75572
75530
75522
75520
75516
75515
75500
75493
75489
75488
75480
75479
75466
75445
75439
75422
75414
75410
75409
75389
75387
75384
75380
75378
75378
75342
75337
75320
75314
75309
75308
75308
75305
75301
75277
75272
75272
75256
75249
75234
75223
75209
75193
75157
75139
75135
75128
75125
75120
75100
75066
75060
75058
75056
75052
75047
75041
75038
75030
75030
75025
75020
75015
75003
75001
74996
74996
74957
74953
74938
74924
74918
74916
74902
74901
74895
74868
74863
74860
74846
74834
74824
74793
74791
74788
74763
74763
74761
74749
74742
74701
74657
74648
74645
74638
74621
74619
74618
74614
74593
74582
74574
74571
74556
74548
74539
74531
74524
74503
74488
74486
74472
74460
74454
74442
74435
74420
74416
74409
74408
74399
74389
74386
74378
74348
74343
74332
74324
74313
74276
74275
74261
74255
74236
74235
74234
74230
74189
74182
74174
74165
74158
74148
74147
74129
74128
74119
74119
74111
74093
74092
74089
74081
74069
74069
74061
74060
74056
74045
74040
74032
74032
74022
74015
73999
73993
73964
73964
73958
73956
73952
73947
73922
73892
73864
73846
73841
73832
73819
73810
73805
73803
73789
73777
73777
73777
73766
73760
73746
73734
73725
73703
73698
73689
73675
73673
73664
73596
73592
73576
73574
73572
73568
73562
73546
73540
73524
73508
73508
73500
73493
73491
73489
73486
73484
73463
73449
73447
73445
73441
73440
73431
73423
73416
73412
73408
73371
73365
73363
73358
73344
73338
73329
73323
73320
73291
73286
73283
73271
73265
73259
73237
73227
73216
73204
73185
73177
73146
73133
73132
73126
73106
73088
73081
73081
73078
73077
73076
73070
73065
73062
73052
73050
73028
73016
73014
73011
73001
72994
72989
72984
72945
72942
72935
72931
72930
72910
72882
72880
72877
72864
72863
72860
72834
72808
72790
72784
72781
72780
72769
72763
72757
72744
72730
72730
72728
72701
72689
72687
72670
72668
72668
72667
72654
72644
72638
72636
72626
72615
72606
72604
72591
72573
72572
72571
72568
72564
72563
72556
72553
72546
72540
72537
72536
72525
72485
72464
72437
72421
72399
72397
72355
72351
72343
72338
72335
72328
72327
72322
72316
72311
72298
72296
72267
72250
72245
72223
72222
72218
72215
72207
72190
72166
72162
72147
72146
72144
72117
72115
72099
72097
72084
72079
72077
72023
72022
72019
72019
72008
71992
71988
71972
71966
71932
71924
71907
71902
71895
71873
71862
71851
71819
71781
71775
71771
71757
71757
71752
71744
71743
71730
71728
71704
71684
71662
71658
71653
71645
71642
71615
71611
71582
71573
71571
71561
71558
71556
71554
71543
71540
71537
71510
71500
71487
71474
71462
71444
71416
71396
71393
71393
71385
71373
71360
71356
71351
71347
71288
71282
71273
71266
71250
71245
71226
71210
71210
71202
71160
71145
71125
71119
71090
71068
71051
71036
71030
71028
71013
71008
70972
70967
70962
70938
70936
70932
70930
70921
70893
70888
70884
70879
70878
70878
70876
70862
70862
70856
70851
70821
70803
70784
70755
70736
70704
70693
70681
70673
70664
70662
70658
70656
70632
70623
70617
70614
70591
70577
70569
70566
70561
70560
70556
70552
70551
70551
70541
70534
70507
70504
70491
70484
70470
70454
70443
70430
70422
70409
70384
70378
70377
70372
70348
70330
70327
70322
70317
70309
70298
70241
70240
70204
70187
70186
70177
70167
70164
70160
70154
70147
70135
70128
70110
70081
70079
70062
70062
70044
70034
70014
69983
69980
69974
69969
69953
69929
69915
69906
69893
69893
69878
69856
69826
69821
69817
69796
69788
69773
69760
69755
69754
69753
69753
69751
69744
69737
69721
69713
69705
69701
69694
69677
69664
69608
69607
69592
69584
69572
69570
69564
69552
69544
69540
69529
69519
69503
69503
69490
69479
69472
69471
69456
69443
69432
69426
69403
69386
69376
69358
69354
69345
69334
69331
69331
69326
69321
69321
69310
69302
69286
69282
69270
69265
69265
69265
69253
69249
69249
69247
69238
69219
69218
69201
69180
69177
69170
69167
69141
69124
69119
69107
69085
69073
69068
69035
69034
69015
69013
68998
68994
68989
68985
68982
68972
68971
68962
68957
68926
68925
68920
68917
68909
68872
68871
68865
68862
68859
68857
68855
68824
68814
68808
68805
68768
68753
68750
68740
68736
68734
68733
68728
68720
68711
68691
68685
68674
68664
68653
68651
68642
68632
68629
68629
68621
68607
68605
68583
68583
68575
68568
68567
68555
68542
68535
68530
68515
68483
68478
68465
68460
68451
68442
68438
68438
68427
68421
68418
68390
68390
68373
68361
68354
68333
68333
68329
68322
68318
68313
68310
68289
68287
68284
68272
68229
68214
68197
68195
68158
68154
68150
68137
68115
68100
68091
68078
68077
68071
68070
68067
68053
68050
68045
68031
68026
68015
68012
68008
67974
67962
67955
67947
67934
67916
67894
67881
67881
67876
67871
67870
67864
67863
67853
67850
67848
67842
67834
67830
67819
67817
67815
67793
67793
67789
67786
67779
67766
67758
67750
67744
67733
67688
67686
67681
67673
67665
67664
67652
67636
67634
67605
67602
67594
67588
67572
67548
67540
67528
67523
67518
67504
67501
67500
67494
67484
67470
67464
67460
67459
67453
67449
67438
67431
67425
67391
67364
67358
67346
67341
67334
67302
67301
67301
67284
67265
67227
67219
67218
67216
67187
67178
67156
67153
67150
67135
67132
67131
67131
67115
67113
67091
67068
67063
67057
67049
67046
67021
67016
67007
66985
66984
66976
66975
66975
66956
66954
66928
66927
66926
66926
66923
66918
66913
66909
66897
66884
66864
66863
66844
66835
66831
66829
66816
66812
66810
66808
66805
66743
66733
66733
66729
66729
66728
66703
66694
66693
66692
66689
66653
66632
66631
66626
66602
66595
66579
66555
66547
66538
66534
66529
66519
66518
66516
66509
66508
66499
66488
66483
66474
66471
66466
66421
66418
66415
66393
66387
66381
66378
66346
66328
66323
66316
66314
66305
66301
66295
66268
66257
66256
66253
66242
66233
66231
66230
66223
66196
66190
66173
66169
66154
66154
66146
66146
66134
66130
66125
66116
66106
66090
66080
66067
66065
66047
66042
66032
66025
65998
65997
65982
65961
65961
65958
65946
65937
65915
65914
65910
65898
65891
65879
65876
65867
65858
65851
65847
65841
65826
65802
65791
65778
65771
65771
65770
65768
65767
65743
65737
65732
65726
65721
65720
65702
65701
65663
65662
65646
65644
65631
65630
65597
65580
65578
65578
65566
65565
65531
65529
65524
65518
65503
65502
65494
65481
65457
65441
65432
65431
65428
65426
65412
65406
65403
65398
65395
65394
65386
65375
65362
65361
65355
65343
65342
65327
65326
65321
65313
65305
65297
65292
65245
65244
65240
65217
65200
65198
65188
65180
65177
65165
65165
65149
65147
65125
65110
65102
65084
65065
65041
64970
64966
64966
64960
64950
64934
64929
64926
64923
64914
64900
64892
64887
64862
64862
64851
64842
64840
64839
64826
64817
64798
64789
64760
64754
64733
64729
64723
64709
64706
64688
64661
64660
64652
64637
64627
64608
64602
64595
64575
64567
64555
64547
64544
64538
64538
64522
64511
64471
64454
64450
64448
64440
64428
64423
64415
64415
64404
64398
64392
64384
64360
64356
64355
64330
64309
64308
64298
64292
64285
64281
64262
64260
64255
64222
64205
64183
64138
64129
64108
64086
64079
64076
64070
64068
64044
64027
64026
64012
63998
63989
63976
63953
63943
63943
63940
63932
63923
63921
63914
63908
63887
63863
63852
63844
63842
63832
63831
63782
63764
63761
63747
63740
63738
63730
63689
63674
63665
63617
63617
63573
63559
63550
63544
63532
63525
63522
63515
63514
63500
63492
63486
63471
63468
63466
63459
63440
63433
63427
63422
63420
63403
63392
63384
63370
63366
63364
63340
63340
63339
63331
63309
63291
63287
63285
63270
63265
63261
63258
63247
63238
63231
63195
63193
63186
63162
63154
63153
63147
63134
63122
63119
63106
63092
63085
63080
63071
63065
63048
63043
63040
63039
63009
63005
62975
62974
62973
62959
62954
62951
62936
62934
62927
62906
62882
62819
62818
62813
62801
62794
62784
62769
62766
62763
62761
62754
62740
62724
62711
62700
62686
62670
62664
62659
62656
62645
62643
62637
62629
62592
62589
62584
62578
62569
62556
62547
62527
62527
62523
62510
62506
62491
62490
62488
62436
62434
62423
62423
62422
62417
62415
62398
62387
62355
62342
62334
62326
62320
62320
62313
62313
62302
62297
62293
62283
62261
62258
62252
62248
62239
62233
62233
62229
62228
62225
62189
62188
62173
62172
62170
62168
62152
62151
62125
62120
62109
62096
62096
62089
62074
62072
62067
62045
62043
62027
62020
62017
62002
61995
61992
61973
61972
61964
61951
61932
61925
61921
61915
61912
61907
61901
61896
61892
61890
61880
61864
61859
61856
61833
61818
61802
61794
61792
61781
61736
61730
61721
61715
61696
61678
61677
61661
61636
61628
61606
61601
61593
61587
61576
61565
61559
61496
61492
61481
61480
61479
61476
61473
61464
61416
61413
61409
61406
61402
61402
61397
61388
61382
61367
61361
61341
61337
61333
61301
61259
61258
61240
61234
61225
61204
61202
61200
61198
61196
61181
61140
61098
61097
61086
61075
61054
61051
61048
61043
61029
61017
61011
61010
60988
60982
60946
60916
60906
60899
60893
60878
60850
60845
60816
60813
60812
60807
60798
60795
60791
60785
60762
60754
60753
60752
60735
60712
60711
60711
60707
60694
60661
60652
60636
60618
60607
60602
60594
60590
60590
60586
60564
60545
60544
60542
60540
60531
60528
60517
60512
60496
60484
60473
60460
60457
60453
60449
60422
60420
60412
60409
60406
60398
60397
60390
60375
60363
60326
60312
60298
60287
60280
60251
60216
60200
60191
60177
60171
60170
60164
60153
60149
60148
60133
60118
60048
60024
60021
60013
60012
60009
60008
59998
59988
59983
59977
59950
59946
59941
59914
59913
59907
59903
59896
59851
59848
59846
59846
59841
59831
59825
59808
59791
59785
59785
59779
59766
59765
59763
59757
59756
59745
59729
59724
59696
59681
59675
59653
59651
59640
59640
59632
59623
59620
59610
59600
59570
59567
59552
59537
59522
59520
59516
59509
59502
59499
59492
59462
59446
59434
59433
59415
59412
59409
59408
59397
59395
59356
59322
59322
59287
59275
59270
59266
59233
59230
59223
59209
59188
59179
59174
59173
59152
59147
59141
59127
59116
59106
59102
59098
59085
59068
59057
59056
59054
59053
59052
59045
59036
59031
59031
59026
59020
59007
59006
58990
58986
58982
58971
58970
58963
58958
58942
58932
58928
58918
58905
58903
58896
58887
58881
58866
58862
58857
58848
58847
58845
58835
58823
58805
58794
58779
58745
58738
58733
58732
58727
58704
58678
58671
58667
58664
58648
58640
58624
58619
58615
58605
58564
58547
58547
58508
58500
58498
58483
58482
58469
58469
58462
58457
58456
58445
58442
58420
58417
58415
58415
58403
58393
58388
58383
58348
58346
58325
58302
58300
58296
58296
58293
58290
58289
58286
58282
58276
58263
58254
58233
58223
58220
58206
58185
58173
58172
58156
58155
58154
58148
58147
58142
58111
58105
58090
58089
58089
58088
58063
58062
58044
58036
58020
58011
57997
57989
57965
57952
57938
57903
57868
57863
57861
57860
57847
57841
57833
57822
57818
57810
57804
57796
57796
57796
57789
57787
57756
57748
57748
57744
57742
57730
57719
57711
57709
57707
57676
57673
57649
57648
57643
57639
57621
57620
57616
57602
57600
57574
57572
57561
57559
57543
57537
57524
57508
57501
57493
57490
57468
57460
57453
57451
57432
57426
57413
57411
57405
57389
57368
57364
57352
57352
57341
57338
57337
57333
57332
57330
57317
57307
57299
57279
57278
57266
57247
57246
57234
57230
57206
57195
57187
57181
57175
57170
57147
57146
57142
57139
57136
57127
57127
57117
57116
57114
57084
57081
57050
57040
57028
57015
57005
57001
57000
57000
56991
56980
56976
56954
56944
56930
56904
56878
56867
56833
56833
56826
56816
56781
56756
56752
56751
56745
56743
56742
56728
56727
56670
56668
56656
56630
56624
56615
56603
56602
56588
56586
56580
56560
56545
56534
56519
56509
56500
56496
56460
56445
56443
56420
56398
56397
56390
56388
56384
56358
56355
56353
56349
56343
56339
56329
56322
56311
56294
56271
56252
56231
56225
56215
56197
56197
56182
56168
56163
56153
56149
56116
56115
56110
56095
56075
56075
56065
56049
56048
56046
56042
56039
56024
56009
56000
55986
55983
55970
55966
55965
55958
55949
55936
55918
55908
55866
55865
55864
55840
55823
55821
55817
55795
55787
55785
55781
55772
55740
55730
55719
55668
55666
55664
55656
55649
55649
55640
55634
55633
55630
55619
55609
55608
55583
55582
55576
55574
55565
55560
55560
55538
55528
55521
55518
55515
55509
55504
55502
55498
55480
55474
55471
55464
55445
55426
55424
55416
55399
55391
55387
55385
55371
55342
55340
55333
55322
55315
55312
55311
55307
55275
55270
55269
55262
55209
55204
55200
55190
55172
55134
55117
55096
55093
55093
55092
55067
55063
55052
55050
55048
55047
55043
55029
54996
54983
54981
54959
54949
54945
54942
54935
54929
54899
54891
54885
54875
54855
54844
54837
54827
54810
54801
54797
54797
54768
54765
54740
54740
54720
54716
54714
54712
54704
54693
54681
54678
54674
54660
54659
54655
54628
54624
54623
54618
54608
54603
54603
54591
54589
54585
54582
54572
54552
54544
54544
54543
54535
54533
54525
54523
54515
54511
54506
54470
54457
54443
54433
54425
54402
54368
54363
54355
54315
54315
54310
54289
54288
54286
54279
54268
54268
54268
54265
54259
54256
54254
54249
54245
54237
54226
54219
54210
54179
54176
54172
54171
54164
54136
54125
54122
54112
54111
54108
54097
54082
54063
54056
54048
54043
54042
54037
54035
54035
54008
54004
54000
53992
53986
53985
53973
53971
53967
53966
53956
53915
53903
53901
53893
53888
53869
53854
53849
53847
53846
53845
53841
53833
53818
53813
53812
53798
53790
53784
53778
53764
53752
53724
53719
53717
53707
53702
53698
53691
53685
53679
53673
53667
53665
53663
53656
53594
53580
53576
53567
53563
53561
53550
53547
53531
53530
53527
53526
53510
53504
53494
53492
53482
53479
53475
53464
53449
53433
53428
53417
53412
53409
53409
53384
53377
53373
53369
53348
53346
53343
53342
53324
53317
53309
53307
53304
53291
53290
53286
53286
53278
53277
53275
53241
53225
53216
53204
53189
53186
53174
53173
53168
53161
53134
53133
53130
53129
53106
53104
53104
53103
53103
53097
53095
53081
53073
53064
53058
53051
53038
53029
52998
52987
52977
52969
52968
52963
52954
52954
52934
52924
52912
52883
52845
52824
52821
52821
52811
52800
52774
52765
52747
52742
52720
52703
52683
52676
52660
52638
52632
52629
52606
52599
52593
52577
52576
52570
52563
52563
52560
52528
52524
52518
52502
52482
52478
52457
52451
52441
52439
52438
52433
52416
52409
52408
52402
52393
52386
52385
52360
52353
52349
52340
52339
52328
52318
52315
52311
52290
52260
52253
52251
52247
52223
52209
52207
52207
52197
52187
52154
52147
52145
52140
52138
52106
52101
52047
52046
52042
52017
52001
51984
51980
51973
51970
51965
51953
51946
51939
51930
51908
51887
51878
51875
51862
51850
51831
51825
51786
51759
51745
51723
51703
51701
51701
51651
51651
51650
51611
51609
51609
51592
51589
51570
51557
51548
51499
51498
51468
51457
51456
51446
51430
51425
51398
51375
51362
51357
51350
51333
51301
51297
51296
51294
51290
51282
51280
51274
51271
51266
51262
51252
51249
51242
51229
51222
51220
51219
51206
51201
51158
51153
51148
51134
51133
51110
51090
51089
51069
51056
51048
51017
51001
50991
50985
50972
50954
50947
50946
50941
50941
50933
50923
50921
50917
50911
50903
50899
50859
50856
50854
50853
50851
50845
50844
50829
50828
50814
50806
50803
50795
50788
50784
50783
50748
50733
50728
50722
50721
50712
50708
50661
50660
50655
50654
50646
50641
50632
50622
50622
50621
50618
50617
50616
50614
50609
50599
50598
50592
50591
50591
50589
50580
50574
50569
50558
50518
50517
50516
50505
50461
50456
50441
50432
50415
50404
50401
50383
50378
50367
50359
50356
50349
50347
50338
50337
50309
50300
50296
50284
50278
50274
50263
50252
50247
50245
50234
50216
50215
50213
50196
50191
50140
50117
50112
50099
50095
50091
50088
50079
50079
50079
50074
50042
50031
50030
50021
50012
50000
49979
49956
49933
49931
49927
49926
49924
49921
49918
49916
49910
49892
49880
49859
49854
49814
49808
49805
49793
49773
49768
49752
49750
49746
49743
49743
49743
49737
49735
49717
49710
49704
49697
49691
49681
49674
49674
49663
49657
49650
49638
49631
49617
49608
49593
49584
49583
49581
49576
49574
49574
49561
49535
49530
49523
49519
49509
49505
49494
49493
49480
49480
49470
49467
49465
49435
49429
49417
49416
49407
49396
49395
49380
49377
49372
49367
49356
49347
49331
49318
49313
49300
49293
49271
49239
49234
49216
49187
49186
49182
49165
49152
49135
49129
49096
49088
49081
49081
49064
49057
49046
49040
49030
49027
48970
48964
48963
48960
48952
48941
48922
48912
48903
48879
48869
48864
48852
48843
48795
48766
48760
48760
48747
48733
48730
48723
48720
48715
48698
48690
48674
48638
48638
48627
48609
48609
48602
48592
48588
48588
48577
48567
48564
48548
48547
48530
48525
48511
48511
48506
48504
48447
48445
48444
48436
48411
48406
48395
48388
48383
48372
48365
48349
48345
48335
48325
48301
48298
48284
48251
48251
48247
48245
48234
48223
48215
48205
48198
48197
48185
48179
48169
48162
48148
48147
48145
48145
48142
48137
48136
48124
48104
48104
48090
48089
48084
48080
48061
48047
48046
48041
48035
48032
48021
48009
47999
47964
47955
47954
47939
47908
47898
47897
47884
47848
47843
47843
47828
47807
47797
47797
47788
47785
47784
47779
47774
47773
47768
47767
47759
47756
47744
47743
47741
47739
47719
47718
47718
47717
47706
47702
47701
47674
47657
47651
47643
47638
47629
47598
47584
47584
47582
47578
47570
47559
47551
47547
47533
47527
47493
47471
47463
47438
47414
47383
47368
47351
47349
47318
47311
47304
47300
47296
47288
47288
47252
47239
47230
47228
47222
47219
47212
47205
47195
47173
47166
47151
47146
47142
47138
47130
47120
47117
47110
47075
47054
47042
47039
47038
47034
47034
47030
46990
46982
46965
46963
46954
46951
46942
46938
46926
46907
46902
46900
46897
46859
46856
46849
46846
46838
46836
46828
46797
46796
46788
46781
46777
46771
46745
46745
46722
46718
46718
46714
46705
46700
46682
46674
46674
46665
46662
46661
46653
46646
46642
46640
46639
46635
46624
46613
46608
46577
46575
46573
46572
46557
46548
46509
46488
46481
46476
46457
46453
46448
46437
46418
46416
46402
46399
46399
46376
46369
46367
46351
46345
46342
46330
46327
46316
46312
46310
46306
46294
46280
46267
46263
46262
46261
46240
46231
46225
46218
46214
46199
46197
46184
46184
46142
46136
46132
46128
46113
46105
46103
46100
46099
46089
46078
46046
46033
46012
46009
46002
46001
45996
45985
45972
45971
45969
45953
45951
45943
45936
45929
45920
45886
45886
45882
45881
45871
45842
45840
45831
45797
45795
45770
45769
45767
45764
45759
45754
45738
45710
45664
45655
45645
45644
45604
45599
45597
45597
45588
45565
45558
45554
45550
45548
45538
45535
45533
45528
45516
45512
45501
45495
45493
45488
45486
45476
45467
45467
45465
45441
45430
45402
45387
45379
45374
45370
45366
45358
45352
45352
45343
45327
45317
45316
45307
45301
45294
45276
45259
45254
45232
45221
45220
45201
45170
45168
45162
45160
45152
45142
45114
45100
45091
45083
45067
45061
45058
45050
45048
45048
45039
45038
45030
45027
45027
45026
44998
44991
44962
44945
44944
44944
44920
44917
44900
44882
44864
44857
44837
44828
44819
44819
44811
44805
44805
44798
44793
44781
44766
44757
44744
44725
44708
44695
44694
44691
44678
44675
44667
44666
44664
44654
44653
44637
44628
44626
44621
44581
44579
44574
44570
44553
44549
44545
44542
44535
44531
44525
44513
44508
44500
44498
44472
44468
44461
44460
44454
44449
44447
44444
44417
44389
44388
44381
44381
44379
44371
44350
44347
44336
44329
44329
44327
44316
44310
44261
44246
44241
44223
44210
44201
44196
44196
44186
44174
44136
44130
44126
44108
44089
44078
44076
44076
44072
44072
44066
44052
44046
44027
44024
44022
44016
44009
44005
44002
43990
43956
43936
43930
43920
43918
43913
43895
43893
43876
43865
43857
43850
43840
43833
43827
43807
43805
43781
43779
43762
43749
43746
43736
43735
43731
43705
43696
43685
43666
43640
43638
43638
43637
43629
43629
43622
43622
43621
43602
43595
43592
43588
43577
43558
43549
43506
43502
43489
43474
43461
43442
43434
43424
43395
43394
43379
43367
43367
43365
43361
43357
43341
43319
43317
43315
43314
43297
43289
43279
43275
43274
43266
43265
43263
43261
43260
43244
43236
43232
43229
43225
43180
43175
43173
43162
43159
43154
43153
43146
43143
43143
43099
43094
43092
43091
43080
43069
43067
43066
43065
43058
43040
43018
43011
42962
42947
42923
42923
42915
42906
42900
42900
42900
42894
42889
42859
42848
42838
42838
42823
42811
42806
42804
42796
42794
42787
42786
42785
42755
42749
42704
42680
42680
42675
42669
42668
42664
42651
42632
42624
42612
42585
42562
42559
42552
42551
42536
42519
42500
42465
42462
42459
42455
42436
42425
42413
42402
42382
42363
42360
42350
42340
42339
42319
42293
42288
42268
42266
42248
42246
42245
42242
42242
42208
42196
42195
42187
42185
42165
42153
42147
42112
42106
42105
42099
42099
42098
42096
42090
42085
42064
42051
42048
42039
42031
42029
42018
42006
42004
42002
41995
41994
41992
41983
41980
41976
41935
41924
41907
41900
41899
41881
41875
41874
41870
41870
41848
41845
41821
41820
41800
41800
41779
41753
41744
41742
41742
41737
41729
41726
41714
41698
41694
41693
41670
41670
41669
41658
41656
41648
41646
41621
41599
41586
41516
41515
41508
41507
41503
41493
41474
41453
41444
41438
41435
41424
41417
41409
41401
41393
41386
41379
41371
41370
41362
41316
41313
41286
41284
41259
41257
41249
41235
41222
41221
41190
41186
41184
41169
41163
41144
41132
41127
41086
41083
41076
41073
41071
41069
41030
41017
41007
41004
41003
40984
40980
40977
40976
40972
40958
40952
40944
40928
40895
40865
40847
40797
40780
40772
40761
40759
40727
40697
40693
40677
40668
40659
40642
40634
40630
40629
40624
40624
40613
40608
40598
40577
40577
40571
40552
40545
40542
40532
40523
40513
40506
40504
40473
40461
40458
40445
40430
40426
40423
40419
40411
40406
40405
40399
40395
40395
40370
40334
40317
40311
40303
40298
40295
40288
40269
40264
40260
40242
40202
40188
40158
40139
40125
40124
40111
40084
40079
40074
40071
40067
40052
40049
40043
40031
40023
40020
40011
40003
39979
39973
39916
39912
39903
39874
39871
39854
39827
39827
39826
39821
39814
39813
39804
39784
39780
39756
39728
39728
39716
39716
39705
39704
39695
39690
39689
39684
39670
39665
39649
39645
39638
39613
39612
39596
39571
39570
39558
39556
39553
39542
39533
39523
39498
39498
39496
39495
39493
39470
39466
39460
39454
39452
39451
39448
39424
39422
39411
39410
39403
39402
39395
39383
39374
39359
39330
39312
39310
39303
39297
39277
39276
39270
39269
39266
39262
39260
39259
39245
39241
39238
39236
39230
39204
39200
39178
39166
39165
39144
39142
39106
39088
39087
39075
39066
39029
39028
39026
39025
39020
39014
39011
38991
38965
38958
38950
38945
38929
38929
38926
38915
38903
38886
38881
38865
38847
38842
38837
38800
38786
38766
38751
38751
38744
38744
38743
38724
38712
38694
38683
38666
38666
38664
38649
38640
38637
38630
38630
38624
38617
38616
38594
38592
38588
38580
38573
38567
38546
38545
38543
38540
38535
38525
38524
38504
38484
38463
38452
38440
38429
38429
38428
38419
38411
38401
38388
38369
38369
38325
38316
38305
38301
38297
38286
38281
38276
38267
38248
38239
38237
38235
38233
38214
38200
38200
38199
38199
38196
38168
38166
38160
38145
38140
38126
38111
38105
38102
38083
38068
38064
38048
38043
38038
38011
37995
37986
37971
37967
37930
37927
37895
37894
37893
37892
37891
37861
37859
37853
37838
37838
37807
37803
37800
37797
37786
37778
37777
37749
37739
37735
37734
37733
37724
37723
37707
37701
37694
37685
37683
37667
37656
37649
37640
37621
37620
37610
37579
37553
37542
37532
37519
37507
37483
37481
37478
37476
37474
37469
37467
37464
37459
37451
37449
37448
37447
37438
37438
37429
37424
37402
37389
37382
37351
37348
37340
37338
37331
37317
37311
37309
37302
37300
37293
37277
37276
37264
37219
37215
37214
37203
37192
37189
37188
37179
37160
37158
37148
37145
37144
37138
37111
37111
37103
37093
37089
37073
37061
37049
37047
37045
37026
37026
37018
36997
36991
36987
36978
36973
36952
36945
36931
36930
36922
36920
36910
36878
36868
36858
36852
36825
36818
36817
36812
36806
36780
36779
36762
36755
36728
36727
36717
36714
36713
36696
36685
36673
36672
36661
36659
36657
36652
36652
36634
36622
36608
36606
36599
36598
36589
36589
36579
36569
36569
36559
36557
36552
36536
36519
36513
36512
36509
36486
36484
36476
36464
36463
36454
36415
36411
36397
36393
36379
36378
36369
36366
36355
36353
36352
36317
36316
36314
36302
36291
36284
36273
36267
36265
36255
36241
36236
36202
36173
36167
36160
36155
36150
36147
36127
36112
36082
36065
36045
36034
36025
35988
35985
35956
35955
35946
35938
35908
35883
35877
35875
35869
35837
35833
35822
35807
35805
35803
35802
35796
35794
35794
35794
35790
35789
35779
35774
35766
35745
35741
35737
35728
35728
35718
35717
35710
35679
35674
35671
35668
35664
35659
35652
35648
35626
35624
35621
35612
35606
35602
35600
35597
35595
35595
35591
35546
35518
35506
35494
35475
35472
35464
35462
35460
35433
35422
35414
35408
35408
35370
35356
35331
35312
35310
35295
35244
35236
35221
35220
35214
35194
35190
35189
35186
35172
35170
35162
35159
35142
35140
35129
35114
35106
35089
35084
35084
35080
35076
35049
35048
35029
35027
35021
35014
34986
34985
34980
34962
34953
34950
34947
34932
34923
34916
34915
34908
34892
34891
34889
34877
34872
34864
34853
34847
34831
34813
34812
34810
34805
34787
34781
34727
34726
34716
34713
34702
34688
34661
34660
34651
34644
34634
34589
34579
34579
34554
34522
34518
34507
34506
34506
34501
34493
34487
34477
34458
34455
34436
34433
34424
34401
34395
34386
34384
34373
34354
34342
34337
34328
34312
34297
34295
34270
34214
34209
34208
34189
34169
34140
34122
34111
34100
34095
34090
34079
34078
34075
34074
34065
34048
34025
34013
34010
34004
34002
34002
34000
33992
33986
33980
33973
33973
33947
33940
33936
33912
33912
33911
33908
33902
33890
33884
33882
33877
33852
33849
33844
33840
33839
33830
33828
33818
33814
33813
33801
33795
33790
33775
33763
33748
33746
33741
33740
33738
33707
33705
33702
33683
33677
33675
33674
33663
33655
33646
33644
33633
33631
33626
33621
33617
33587
33585
33575
33574
33553
33546
33529
33465
33452
33450
33433
33404
33398
33398
33398
33389
33389
33381
33378
33370
33354
33349
33344
33338
33330
33325
33311
33292
33292
33289
33286
33284
33280
33274
33269
33260
33235
33226
33222
33213
33189
33187
33180
33165
33137
33129
33097
33085
33085
33071
33064
33063
33061
33052
33046
33045
33040
33032
33020
33014
32999
32990
32989
32978
32939
32939
32932
32928
32926
32915
32889
32878
32875
32860
32850
32843
32843
32820
32819
32818
32815
32814
32813
32805
32798
32795
32794
32778
32769
32765
32754
32748
32747
32741
32728
32724
32712
32707
32706
32702
32696
32695
32687
32677
32671
32657
32655
32651
32644
32637
32627
32626
32626
32614
32594
32585
32583
32525
32524
32512
32503
32493
32490
32486
32471
32444
32437
32423
32401
32399
32399
32379
32370
32358
32343
32296
32288
32285
32282
32282
32258
32249
32244
32240
32231
32222
32217
32216
32200
32198
32193
32156
32144
32137
32133
32127
32092
32074
32074
32060
32042
32022
32019
32006
31979
31963
31960
31959
31955
31954
31950
31936
31911
31906
31902
31887
31878
31847
31844
31840
31840
31834
31802
31802
31798
31797
31796
31786
31772
31770
31763
31757
31752
31749
31738
31732
31729
31727
31727
31725
31691
31686
31675
31674
31656
31649
31642
31641
31617
31613
31606
31604
31599
31596
31594
31587
31571
31560
31558
31556
31548
31547
31546
31523
31508
31465
31420
31419
31406
31402
31387
31373
31371
31366
31361
31355
31342
31334
31333
31321
31321
31316
31311
31306
31297
31296
31285
31280
31258
31242
31220
31214
31200
31200
31198
31184
31170
31165
31159
31105
31084
31067
31055
31049
31048
31048
31047
31045
31019
30992
30974
30969
30956
30953
30951
30931
30923
30922
30915
30914
30894
30874
30867
30845
30844
30842
30840
30829
30828
30827
30824
30823
30819
30808
30804
30796
30790
30782
30771
30762
30756
30733
30730
30730
30726
30715
30711
30700
30697
30696
30647
30620
30618
30613
30601
30589
30568
30547
30540
30537
30534
30517
30508
30499
30492
30488
30463
30463
30462
30458
30427
30417
30411
30380
30375
30370
30366
30357
30353
30349
30345
30330
30330
30329
30318
30317
30313
30306
30300
30298
30293
30290
30289
30274
30263
30260
30249
30232
30231
30228
30226
30208
30187
30176
30174
30168
30147
30144
30115
30079
30068
30045
30038
30020
30016
30009
30007
30005
29908
29904
29900
29872
29871
29857
29857
29852
29848
29846
29829
29825
29808
29771
29734
29720
29719
29710
29700
29688
29687
29656
29648
29648
29640
29633
29611
29606
29595
29592
29581
29579
29572
29568
29562
29560
29559
29545
29538
29520
29518
29493
29493
29490
29490
29484
29440
29431
29426
29418
29417
29414
29406
29400
29391
29390
29385
29384
29383
29383
29361
29345
29343
29339
29319
29304
29298
29266
29252
29251
29237
29234
29221
29217
29214
29208
29207
29201
29198
29195
29187
29183
29176
29163
29159
29156
29150
29148
29144
29133
29121
29116
29100
29098
29097
29087
29074
29071
29069
29065
29052
29039
29029
29001
28998
28997
28993
28984
28979
28976
28974
28957
28952
28950
28940
28940
28932
28922
28918
28909
28890
28887
28854
28849
28816
28814
28810
28799
28781
28772
28767
28760
28754
28732
28731
28716
28706
28698
28698
28691
28680
28674
28651
28636
28630
28622
28613
28607
28601
28599
28591
28585
28573
28566
28565
28563
28556
28543
28530
28496
28470
28461
28454
28429
28428
28411
28403
28389
28380
28378
28371
28349
28345
28344
28315
28303
28301
28295
28293
28288
28263
28262
28254
28251
28248
28243
28242
28227
28209
28184
28181
28157
28151
28150
28135
28129
28127
28125
28120
28116
28116
28113
28113
28107
28088
28080
28050
28043
28020
28010
28008
28005
27988
27975
27948
27938
27930
27928
27922
27919
27914
27881
27872
27857
27828
27816
27799
27778
27763
27762
27750
27730
27725
27722
27713
27702
27692
27655
27650
27615
27613
27610
27597
27594
27593
27584
27579
27571
27567
27564
27561
27553
27530
27527
27524
27505
27492
27486
27473
27467
27458
27452
27443
27428
27415
27405
27395
27393
27371
27366
27356
27349
27336
27333
27329
27325
27323
27306
27301
27261
27258
27252
27252
27250
27248
27231
27226
27212
27203
27202
27202
27177
27158
27144
27142
27139
27137
27136
27114
27109
27105
27095
27090
27087
27079
27071
27053
27034
27018
27010
27006
26996
26994
26958
26957
26955
26937
26901
26901
26898
26863
26862
26850
26849
26845
26842
26841
26840
26839
26837
26831
26822
26822
26814
26798
26797
26796
26793
26775
26771
26769
26764
26762
26761
26749
26732
26724
26720
26714
26714
26706
26687
26678
26673
26658
26655
26655
26648
26647
26640
26630
26629
26628
26618
26609
26599
26577
26568
26564
26562
26542
26539
26531
26529
26523
26518
26507
26499
26494
26493
26492
26489
26480
26472
26470
26449
26444
26442
26440
26438
26422
26415
26413
26403
26388
26384
26381
26380
26375
26373
26371
26333
26324
26317
26303
26302
26299
26291
26291
26286
26270
26270
26265
26225
26211
26204
26179
26156
26141
26124
26110
26098
26073
26048
26037
26019
26006
25994
25975
25934
25927
25922
25909
25905
25893
25877
25868
25825
25807
25806
25799
25789
25789
25788
25775
25774
25768
25766
25738
25726
25713
25700
25697
25682
25674
25669
25665
25661
25661
25645
25645
25643
25614
25611
25610
25604
25592
25591
25590
25586
25581
25580
25559
25551
25541
25540
25537
25526
25523
25520
25500
25491
25488
25480
25479
25473
25462
25454
25449
25446
25430
25425
25404
25398
25391
25367
25357
25354
25340
25322
25322
25318
25315
25296
25273
25249
25247
25247
25238
25229
25226
25224
25200
25178
25174
25164
25161
25143
25128
25128
25100
25098
25077
25060
25058
25051
25047
25044
25039
25029
25027
25011
25007
25005
24993
24977
24975
24966
24958
24950
24945
24941
24928
24915
24907
24879
24874
24872
24853
24831
24818
24814
24808
24804
24782
24779
24772
24750
24725
24722
24714
24707
24694
24692
24673
24668
24649
24649
24644
24631
24628
24622
24614
24613
24584
24562
24544
24542
24536
24530
24515
24511
24489
24485
24484
24479
24474
24471
24459
24455
24455
24428
24419
24415
24411
24390
24380
24364
24351
24325
24324
24322
24317
24308
24307
24302
24302
24299
24277
24276
24272
24268
24265
24262
24249
24245
24235
24226
24210
24202
24198
24180
24180
24150
24149
24138
24132
24127
24119
24116
24106
24103
24098
24093
24080
24073
24054
24038
24025
24020
23998
23997
23989
23987
23984
23982
23969
23967
23949
23945
23913
23910
23909
23908
23904
23885
23874
23868
23859
23842
23799
23783
23776
23772
23763
23762
23757
23744
23742
23739
23738
23716
23700
23694
23692
23684
23664
23663
23661
23652
23650
23645
23636
23633
23630
23616
23608
23543
23533
23519
23508
23507
23481
23472
23443
23387
23380
23379
23361
23342
23328
23312
23306
23299
23293
23272
23245
23227
23225
23222
23191
23181
23170
23170
23167
23160
23152
23152
23152
23143
23141
23116
23073
23071
23037
23036
23036
23028
23025
23011
22994
22994
22967
22930
22929
22923
22906
22906
22905
22894
22875
22842
22834
22832
22823
22808
22793
22789
22784
22784
22783
22781
22778
22776
22773
22770
22767
22756
22750
22744
22743
22727
22717
22712
22706
22694
22694
22692
22690
22667
22658
22658
22653
22644
22643
22641
22634
22619
22617
22607
22602
22597
22562
22530
22528
22517
22516
22512
22498
22491
22488
22479
22479
22456
22431
22427
22417
22402
22386
22376
22365
22355
22331
22319
22317
22316
22278
22273
22270
22269
22258
22234
22228
22228
22228
22215
22202
22194
22193
22183
22180
22175
22172
22166
22155
22136
22134
22103
22091
22085
22068
22040
22028
22014
21998
21981
21980
21963
21961
21960
21958
21946
21932
21908
21901
21891
21878
21869
21855
21839
21838
21804
21798
21787
21776
21774
21762
21746
21745
21735
21713
21683
21664
21649
21649
21627
21605
21601
21593
21588
21576
21575
21567
21556
21554
21551
21550
21526
21512
21500
21493
21490
21470
21463
21458
21453
21431
21397
21377
21375
21366
21366
21356
21352
21352
21346
21342
21324
21324
21317
21310
21288
21285
21265
21262
21239
21237
21232
21215
21212
21182
21180
21180
21155
21150
21149
21131
21113
21101
21101
21087
21078
21060
21028
21024
21013
21009
21003
20991
20972
20967
20966
20905
20905
20898
20895
20883
20871
20860
20852
20851
20848
20796
20785
20774
20771
20761
20751
20742
20739
20724
20703
20700
20687
20683
20663
20662
20653
20627
20625
20599
20598
20587
20586
20579
20572
20560
20555
20552
20550
20530
20526
20525
20522
20521
20517
20513
20511
20507
20486
20480
20462
20451
20431
20428
20409
20398
20387
20360
20336
20322
20320
20306
20296
20288
20283
20276
20263
20259
20242
20237
20202
20201
20189
20164
20155
20153
20143
20135
20105
20098
20068
20062
20051
20032
20026
20023
19991
19987
19974
19958
19951
19948
19948
19921
19905
19899
19892
19891
19891
19877
19865
19861
19841
19817
19817
19808
19807
19795
19779
19779
19771
19768
19760
19725
19715
19700
19700
19697
19675
19671
19669
19668
19665
19656
19647
19640
19625
19616
19613
19606
19605
19598
19586
19554
19554
19553
19551
19546
19542
19522
19522
19486
19475
19475
19470
19446
19442
19436
19433
19419
19414
19413
19402
19397
19388
19384
19383
19380
19375
19372
19369
19365
19358
19352
19343
19341
19335
19323
19312
19309
19296
19295
19288
19278
19278
19240
19235
19220
19210
19206
19187
19170
19166
19165
19154
19152
19152
19142
19135
19127
19127
19115
19111
19109
19082
19081
19080
19071
19061
19061
19052
19032
19026
19014
19004
18984
18964
18963
18957
18952
18942
18935
18931
18894
18884
18873
18825
18819
18810
18793
18792
18788
18783
18780
18758
18756
18743
18742
18740
18739
18737
18708
18691
18679
18669
18659
18657
18630
18588
18577
18567
18564
18553
18527
18522
18495
18495
18485
18482
18462
18447
18438
18408
18398
18385
18382
18381
18375
18365
18359
18344
18343
18329
18326
18317
18315
18305
18299
18294
18282
18278
18266
18256
18244
18238
18226
18222
18216
18201
18179
18175
18172
18157
18138
18127
18117
18102
18099
18094
18094
18082
18061
18055
18049
18023
17974
17968
17949
17948
17947
17946
17946
17924
17907
17898
17889
17882
17880
17877
17876
17874
17832
17820
17813
17792
17791
17783
17770
17765
17757
17750
17741
17735
17724
17691
17655
17630
17606
17602
17593
17584
17583
17568
17526
17522
17516
17493
17492
17487
17459
17452
17434
17410
17409
17390
17383
17376
17367
17358
17358
17341
17328
17328
17326
17312
17311
17300
17292
17286
17277
17277
17273
17270
17266
17265
17262
17258
17251
17244
17235
17234
17207
17207
17206
17206
17178
17159
17156
17155
17117
17113
17098
17093
17093
17090
17078
17077
17057
17043
17032
17002
16999
16997
16994
16992
16970
16969
16943
16942
16936
16933
16922
16921
16914
16908
16902
16898
16892
16878
16873
16871
16821
16821
16790
16787
16784
16777
16776
16767
16756
16755
16753
16733
16720
16711
16689
16668
16660
16659
16616
16612
16573
16535
16532
16495
16482
16476
16459
16458
16447
16436
16386
16379
16369
16367
16330
16327
16307
16289
16269
16267
16260
16258
16255
16253
16251
16236
16228
16222
16205
16202
16195
16188
16175
16174
16156
16142
16136
16111
16100
16097
16093
16086
16084
16079
16076
16070
16069
16067
16050
16039
16024
16021
16016
16001
15984
15969
15967
15964
15963
15931
15917
15917
15907
15886
15884
15881
15871
15869
15853
15852
15850
15846
15842
15829
15828
15826
15822
15819
15813
15786
15785
15769
15754
15744
15740
15738
15729
15724
15721
15719
15716
15700
15689
15675
15636
15621
15617
15614
15609
15607
15584
15581
15576
15570
15558
15542
15515
15513
15491
15486
15472
15470
15468
15466
15465
15458
15452
15434
15432
15416
15404
15404
15400
15395
15383
15373
15367
15350
15340
15330
15328
15293
15291
15288
15280
15272
15263
15251
15243
15236
15232
15227
15225
15222
15210
15206
15185
15184
15183
15155
15134
15120
15115
15103
15082
15060
15047
15009
14970
14969
14928
14924
14917
14908
14878
14875
14870
14856
14836
14820
14819
14818
14795
14793
14785
14769
14753
14746
14738
14736
14718
14713
14706
14702
14697
14684
14675
14660
14652
14636
14635
14629
14609
14606
14604
14596
14586
14560
14552
14543
14538
14531
14525
14521
14498
14498
14496
14494
14480
14480
14448
14436
14419
14415
14406
14384
14341
14320
14314
14313
14310
14302
14296
14291
14286
14282
14276
14272
14261
14248
14213
14166
14147
14145
14141
14119
14116
14110
14103
14101
14096
14085
14084
14072
14029
14029
14022
14019
14005
13998
13995
13991
13988
13964
13964
13950
13942
13938
13932
13911
13905
13897
13879
13876
13870
13861
13861
13858
13846
13815
13787
13786
13768
13752
13735
13723
13723
13711
13704
13701
13681
13678
13677
13676
13669
13668
13667
13598
13597
13585
13574
13571
13571
13569
13569
13549
13549
13544
13533
13529
13528
13527
13526
13517
13513
13495
13470
13467
13458
13455
13450
13449
13446
13444
13438
13426
13421
13404
13396
13388
13384
13369
13368
13340
13326
13306
13298
13297
13283
13262
13239
13229
13223
13208
13198
13197
13187
13177
13175
13171
13171
13159
13154
13151
13149
13139
13136
13134
13133
13128
13125
13119
13115
13093
13088
13060
13024
13004
12991
12989
12988
12967
12966
12958
12955
12950
12947
12944
12934
12913
12913
12900
12896
12889
12873
12873
12867
12864
12836
12836
12809
12801
12775
12774
12765
12758
12751
12741
12732
12724
12710
12708
12684
12674
12673
12662
12645
12625
12608
12600
12596
12566
12556
12536
12517
12506
12499
12492
12487
12471
12458
12454
12447
12444
12435
12427
12420
12409
12404
12398
12386
12359
12356
12355
12345
12322
12313
12311
12311
12310
12305
12294
12265
12250
12220
12220
12211
12200
12196
12194
12184
12184
12182
12176
12162
12148
12148
12144
12135
12125
12121
12116
12102
12102
12093
12090
12088
12044
12022
12016
11997
11997
11994
11987
11969
11968
11959
11950
11947
11925
11922
11917
11909
11891
11864
11847
11834
11828
11817
11814
11804
11803
11800
11789
11787
11768
11765
11763
11761
11755
11748
11745
11735
11725
11722
11719
11716
11714
11703
11680
11664
11649
11629
11621
11618
11611
11564
11561
11548
11529
11511
11491
11484
11457
11457
11456
11453
11425
11408
11401
11397
11393
11384
11372
11367
11366
11346
11345
11339
11326
11288
11287
11260
11255
11254
11203
11201
11198
11197
11182
11166
11159
11158
11157
11148
11147
11142
11131
11111
11093
11083
11079
11066
11055
11036
11022
11000
10978
10949
10946
10940
10935
10928
10927
10914
10879
10876
10867
10865
10862
10856
10844
10842
10840
10840
10832
10827
10816
10789
10786
10767
10766
10762
10761
10735
10734
10724
10720
10708
10699
10697
10692
10681
10665
10662
10635
10631
10601
10585
10567
10561
10553
10526
10513
10506
10504
10492
10490
10487
10481
10478
10471
10414
10413
10412
10401
10387
10383
10364
10337
10337
10335
10334
10334
10312
10302
10297
10296
10294
10292
10288
10280
10274
10274
10239
10229
10223
10216
10211
10209
10201
10185
10172
10169
10164
10145
10121
10118
10118
10112
10104
10103
10095
10094
10060
10035
10027
10013
10005
10005
10002
10001
9985
9980
9972
9947
9924
9914
9909
9885
9873
9855
9853
9836
9835
9821
9812
9809
9774
9774
9771
9756
9753
9753
9749
9746
9729
9716
9703
9691
9690
9690
9679
9668
9666
9665
9657
9653
9648
9639
9628
9618
9601
9595
9582
9581
9571
9567
9563
9552
9545
9526
9518
9513
9509
9505
9501
9498
9497
9492
9491
9481
9454
9450
9445
9441
9439
9436
9431
9415
9399
9387
9355
9332
9322
9311
9297
9286
9280
9276
9270
9268
9268
9247
9223
9190
9176
9169
9163
9133
9130
9128
9123
9120
9081
9070
9066
9066
9064
9056
9038
9023
9016
9015
8983
8963
8939
8931
8917
8909
8896
8888
8880
8870
8868
8858
8833
8817
8811
8798
8791
8788
8778
8771
8760
8758
8757
8749
8748
8745
8744
8737
8734
8732
8720
8697
8671
8671
8649
8627
8625
8611
8610
8601
8600
8597
8593
8586
8583
8566
8555
8546
8537
8535
8534
8531
8525
8515
8500
8497
8496
8489
8482
8481
8479
8470
8467
8444
8428
8423
8423
8419
8396
8389
8377
8372
8365
8350
8336
8333
8320
8314
8312
8302
8279
8279
8272
8252
8238
8231
8223
8200
8181
8179
8169
8163
8151
8149
8136
8119
8116
8087
8083
8068
8042
8017
8014
8014
7997
7996
7988
7963
7958
7946
7945
7923
7907
7906
7904
7881
7876
7860
7860
7856
7848
7842
7841
7839
7838
7836
7830
7830
7818
7812
7796
7792
7791
7777
7754
7735
7714
7711
7645
7642
7635
7613
7603
7598
7592
7588
7581
7557
7534
7520
7517
7499
7480
7453
7449
7443
7443
7442
7437
7433
7430
7429
7426
7411
7399
7385
7362
7336
7322
7314
7310
7310
7294
7290
7289
7286
7280
7275
7274
7271
7266
7244
7227
7222
7207
7197
7196
7186
7184
7182
7180
7132
7131
7116
7112
7104
7100
7093
7084
7074
7053
7047
7038
7031
7026
7007
7001
7001
6990
6983
6977
6977
6968
6966
6957
6921
6899
6898
6871
6850
6847
6811
6808
6806
6797
6792
6780
6746
6738
6719
6716
6699
6672
6668
6657
6649
6644
6644
6634
6634
6611
6590
6583
6567
6550
6517
6499
6491
6485
6484
6470
6467
6466
6447
6443
6441
6425
6413
6403
6386
6377
6360
6350
6345
6345
6337
6326
6322
6314
6289
6288
6260
6253
6247
6247
6235
6231
6220
6218
6179
6161
6149
6145
6139
6130
6127
6126
6111
6107
6099
6090
6078
6075
6071
6060
6023
5999
5971
5960
5957
5952
5950
5950
5937
5909
5908
5898
5896
5890
5889
5881
5876
5852
5845
5842
5834
5831
5830
5828
5809
5807
5802
5788
5776
5774
5764
5739
5727
5718
5704
5697
5695
5687
5655
5625
5616
5603
5582
5568
5527
5518
5506
5505
5493
5481
5472
5425
5415
5377
5370
5365
5361
5355
5355
5335
5325
5324
5298
5278
5270
5268
5263
5262
5256
5251
5249
5245
5231
5215
5214
5210
5203
5193
5154
5136
5136
5131
5131
5125
5098
5094
5090
5086
5084
5081
5075
5072
5069
5063
5044
5026
5020
4973
4955
4930
4921
4910
4891
4891
4875
4875
4867
4861
4852
4845
4843
4841
4840
4823
4812
4807
4806
4800
4796
4777
4776
4771
4764
4757
4751
4750
4743
4738
4737
4736
4723
4718
4716
4709
4654
4653
4647
4642
4635
4628
4624
4606
4604
4600
4594
4570
4540
4518
4513
4510
4509
4494
4484
4468
4453
4430
4423
4420
4414
4396
4392
4372
4363
4361
4351
4351
4339
4308
4306
4297
4283
4279
4259
4258
4236
4228
4200
4198
4195
4185
4166
4147
4146
4142
4127
4105
4084
4077
4073
4072
4057
4054
4044
4035
4033
4030
4028
4022
4018
3973
3939
3919
3917
3900
3899
3875
3875
3861
3825
3821
3788
3778
3763
3763
3752
3736
3727
3710
3707
3702
3701
3701
3693
3679
3673
3667
3664
3662
3662
3654
3647
3641
3638
3626
3618
3613
3605
3577
3573
3570
3566
3546
3542
3532
3530
3529
3519
3518
3510
3503
3483
3473
3469
3461
3447
3441
3440
3429
3400
3400
3391
3391
3389
3330
3328
3313
3307
3275
3269
3261
3258
3257
3254
3250
3247
3242
3237
3234
3230
3219
3218
3190
3168
3160
3144
3139
3138
3130
3127
3107
3107
3096
3093
3080
3079
3065
3053
3048
3041
3025
3012
3002
2970
2963
2954
2950
2933
2904
2904
2902
2892
2887
2874
2871
2870
2849
2820
2819
2819
2791
2784
2774
2767
2763
2722
2684
2683
2683
2678
2676
2660
2654
2652
2640
2637
2635
2631
2591
2579
2577
2576
2570
2564
2564
2563
2563
2552
2534
2529
2523
2519
2514
2502
2489
2475
2474
2459
2410
2379
2376
2369
2364
2342
2338
2326
2315
2299
2280
2274
2267
2267
2254
2254
2251
2251
2249
2229
2214
2183
2161
2148
2146
2141
2135
2133
2114
2107
2097
2095
2086
2079
2077
2057
2057
2037
2033
2030
2021
2018
2013
1999
1984
1983
1978
1974
1974
1974
1971
1964
1961
1931
1911
1891
1884
1874
1869
1840
1834
1818
1818
1811
1779
1762
1732
1730
1724
1724
1691
1679
1656
1648
1637
1635
1609
1593
1589
1563
1514
1510
1499
1486
1458
1441
1426
1421
1418
1417
1410
1406
1400
1399
1378
1368
1368
1362
1360
1343
1340
1333
1330
1318
1311
1300
1277
1277
1266
1264
1252
1243
1228
1227
1210
1207
1197
1186
1180
1180
1157
1156
1146
1125
1125
1105
1100
1094
1093
1085
1078
1074
1073
1068
1065
1061
1057
1041
1016
1014
1013
1010
1005
1003
990
977
971
969
960
947
944
925
925
904
881
880
876
856
840
835
827
811
802
784
748
737
736
730
720
699
684
676
674
641
626
612
610
608
590
588
581
563
558
524
522
518
492
491
443
439
435
398
395
357
351
337
336
323
319
317
315
291
274
245
245
243
243
237
228
226
224
221
205
170
167
163
155
143
134
114
109
101
97
83
81
79
71
37
28
16
10
5
