79851
79858
79861
79863
79867
79884
79890
79890
79894
79906
79929
79948
79970
79992
79994
80003
80005
80012
80017
80035
80043
80048
80060
80062
80062
80069
80070
80088
80092
80097
80102
80103
80112
80126
80138
80152
80154
80191
80192
80201
80208
80233
80244
80269
80271
80285
80288
80314
80335
80338
80347
80348
80362
80363
80364
80378
80379
80383
80389
80390
80415
80447
80460
80482
80486
80488
80514
80517
80529
80535
80555
80569
80575
80610
80616
80619
80633
80635
80666
80672
80681
80696
80704
80706
80708
80712
80727
80735
80739
80755
80759
80806
80808
80814
80831
80832
80842
80848
80862
80873
