48638
48638
48674
48690
48698
48715
48720
48723
48730
48733
48747
48760
48760
48766
48795
48843
48852
48864
48869
48879
48903
48912
48922
48941
48952
48960
48963
48964
48970
49027
49030
49040
49046
49057
49064
49081
49081
49088
49096
49129
49135
49152
49165
49182
49186
49187
49216
49234
49239
49271
49293
49300
49313
49318
49331
49347
49356
49367
49372
49377
49380
49395
49396
49407
49416
49417
49429
49435
49465
49467
49470
49480
49480
49493
49494
49505
49509
49519
49523
49530
49535
49561
49574
49574
49576
49581
49583
49584
49593
49608
49617
49631
49638
49650
49657
49663
49674
49674
49681
49691
49697
49704
49710
49717
49735
49737
49743
49743
49743
49746
49750
49752
49768
49773
49793
49805
49808
49814
49854
49859
49880
49892
49910
49916
49918
49921
49924
49926
49927
49931
49933
49956
49979
50000
50012
50021
50030
50031
50042
50074
50079
50079
50079
50088
50091
50095
50099
50112
50117
50140
50191
50196
50213
50215
50216
50234
50245
50247
50252
50263
50274
50278
50284
50296
50300
50309
50337
50338
50347
50349
50356
50359
50367
50378
50383
50401
50404
50415
50432
50441
50456
50461
50505
50516
50517
50518
50558
50569
50574
50580
50589
50591
50591
50592
50598
50599
50609
50614
50616
50617
50618
50621
50622
50622
50632
50641
50646
50654
50655
50660
50661
50708
50712
50721
50722
50728
50733
50748
50783
50784
50788
50795
50803
50806
50814
50828
50829
50844
50845
50851
50853
50854
50856
50859
50899
50903
50911
50917
50921
50923
50933
50941
50941
50946
50947
50954
50972
50985
50991
51001
51017
51048
51056
51069
51089
51090
51110
51133
51134
51148
51153
51158
51201
51206
51219
51220
51222
51229
51242
51249
51252
51262
51266
51271
51274
51280
51282
51290
51294
51296
51297
51301
51333
51350
51357
51362
51375
51398
51425
51430
51446
51456
51457
51468
51498
51499
51548
51557
51570
51589
51592
51609
51609
51611
51650
51651
51651
51701
51701
51703
51723
51745
51759
51786
51825
51831
51850
51862
51875
51878
51887
51908
51930
51939
51946
51953
51965
51970
51973
51980
51984
52001
52017
52042
52046
52047
52101
52106
52138
52140
52145
52147
52154
52187
52197
52207
52207
52209
52223
52247
52251
52253
52260
52290
52311
52315
52318
52328
52339
52340
52349
52353
52360
52385
52386
52393
52402
52408
52409
52416
52433
52438
52439
52441
52451
52457
52478
52482
52502
52518
52524
52528
52560
52563
52563
52570
52576
52577
52593
52599
52606
52629
52632
52638
52660
52676
52683
52703
52720
52742
52747
52765
52774
52800
52811
52821
52821
52824
52845
52883
52912
52924
52934
52954
52954
52963
52968
52969
52977
52987
52998
53029
53038
53051
53058
53064
53073
53081
53095
53097
53103
53103
53104
53104
53106
53129
53130
53133
53134
53161
53168
53173
53174
53186
53189
53204
53216
53225
53241
53275
53277
53278
53286
53286
53290
53291
53304
53307
53309
53317
53324
53342
53343
53346
53348
53369
53373
53377
53384
53409
53409
53412
53417
53428
53433
53449
53464
53475
53479
53482
53492
53494
53504
53510
53526
53527
53530
53531
53547
53550
53561
53563
53567
53576
53580
53594
53656
53663
53665
53667
53673
53679
53685
53691
53698
53702
53707
53717
53719
53724
53752
53764
53778
53784
53790
53798
53812
53813
53818
53833
53841
53845
53846
53847
53849
53854
53869
53888
53893
53901
53903
53915
53956
53966
53967
53971
53973
53985
53986
53992
54000
54004
54008
54035
54035
54037
54042
54043
54048
54056
54063
54082
54097
54108
54111
54112
54122
54125
54136
54164
54171
54172
54176
54179
54210
54219
54226
54237
54245
54249
54254
54256
54259
54265
54268
54268
54268
54279
54286
54288
54289
54310
54315
54315
54355
54363
54368
54402
54425
54433
54443
54457
54470
54506
54511
54515
54523
54525
54533
54535
54543
54544
54544
54552
54572
54582
54585
54589
54591
54603
54603
54608
54618
54623
54624
54628
54655
54659
54660
54674
54678
54681
54693
54704
54712
54714
54716
54720
54740
54740
54765
54768
54797
54797
54801
54810
54827
54837
54844
54855
54875
54885
54891
54899
54929
54935
54942
54945
54949
54959
54981
54983
54996
55029
55043
55047
55048
55050
55052
55063
55067
55092
55093
55093
55096
55117
55134
55172
55190
55200
55204
55209
55262
55269
55270
55275
55307
55311
55312
55315
55322
55333
55340
55342
55371
55385
55387
55391
55399
55416
55424
55426
55445
55464
55471
55474
55480
55498
55502
55504
55509
55515
55518
55521
55528
55538
55560
55560
55565
55574
55576
55582
55583
55608
55609
55619
55630
55633
55634
55640
55649
55649
55656
55664
55666
55668
55719
55730
55740
55772
55781
55785
55787
55795
55817
55821
55823
55840
55864
55865
55866
55908
55918
55936
55949
55958
55965
55966
55970
55983
55986
56000
56009
56024
56039
56042
56046
56048
56049
56065
56075
56075
56095
56110
56115
56116
56149
56153
56163
56168
56182
56197
56197
56215
56225
56231
56252
56271
56294
56311
56322
56329
56339
56343
56349
56353
56355
56358
56384
56388
56390
56397
56398
56420
56443
56445
56460
56496
56500
56509
56519
56534
56545
56560
56580
56586
56588
56602
56603
56615
56624
56630
56656
56668
56670
56727
56728
56742
56743
56745
56751
56752
56756
56781
56816
56826
56833
56833
56867
56878
56904
56930
56944
56954
56976
56980
56991
57000
57000
57001
57005
57015
57028
57040
57050
57081
57084
57114
57116
57117
57127
57127
57136
57139
57142
57146
57147
57170
57175
57181
57187
57195
57206
57230
57234
57246
57247
57266
57278
57279
57299
57307
57317
57330
57332
57333
57337
57338
57341
57352
57352
57364
57368
57389
57405
57411
57413
57426
57432
57451
57453
57460
57468
57490
57493
57501
57508
57524
57537
57543
57559
57561
57572
57574
57600
57602
57616
57620
57621
57639
57643
57648
57649
57673
57676
57707
57709
57711
57719
57730
57742
57744
57748
57748
57756
57787
57789
57796
57796
57796
57804
57810
57818
57822
57833
57841
57847
57860
57861
57863
57868
57903
57938
57952
57965
57989
57997
58011
58020
58036
58044
58062
58063
58088
58089
58089
58090
58105
58111
58142
58147
58148
58154
58155
58156
58172
58173
58185
58206
58220
58223
58233
58254
58263
58276
58282
58286
58289
58290
58293
58296
58296
58300
58302
58325
58346
58348
58383
58388
58393
58403
58415
58415
58417
58420
58442
58445
58456
58457
58462
