5
10
16
28
37
71
79
81
83
97
101
109
114
134
143
155
163
167
170
205
221
224
226
228
237
243
243
245
245
274
291
315
317
319
323
336
337
351
357
395
398
435
439
443
491
492
518
522
524
558
563
581
588
590
608
610
612
626
641
674
676
684
699
720
730
736
737
748
784
802
811
827
835
840
856
876
880
881
904
925
925
944
947
960
969
971
977
990
1003
1005
1010
1013
1014
1016
1041
1057
1061
1065
1068
1073
1074
1078
1085
1093
1094
1100
1105
1125
1125
1146
1156
1157
1180
1180
1186
1197
1207
1210
1227
1228
1243
1252
1264
1266
1277
1277
1300
1311
1318
1330
1333
1340
1343
1360
1362
1368
1368
1378
1399
1400
1406
1410
1417
1418
1421
1426
1441
1458
1486
1499
1510
1514
1563
1589
1593
1609
1635
1637
1648
1656
1679
1691
1724
1724
1730
1732
1762
1779
1811
1818
1818
1834
1840
1869
1874
1884
1891
1911
1931
1961
1964
1971
1974
1974
1974
1978
1983
1984
1999
2013
2018
2021
2030
2033
2037
2057
2057
2077
2079
2086
2095
2097
2107
2114
2133
2135
2141
2146
2148
2161
2183
2214
2229
2249
2251
2251
2254
2254
2267
2267
2274
2280
2299
2315
2326
2338
2342
2364
2369
2376
2379
2410
2459
2474
2475
2489
2502
2514
2519
2523
2529
2534
2552
2563
2563
2564
2564
2570
2576
2577
2579
2591
2631
2635
2637
2640
2652
2654
2660
2676
2678
2683
2683
2684
2722
2763
2767
2774
2784
2791
2819
2819
2820
2849
2870
2871
2874
2887
2892
2902
2904
2904
2933
2950
2954
2963
2970
3002
3012
3025
3041
3048
3053
3065
3079
3080
3093
3096
3107
3107
3127
3130
3138
3139
3144
3160
3168
3190
3218
3219
3230
3234
3237
3242
3247
3250
3254
3257
3258
3261
3269
3275
3307
3313
3328
3330
3389
3391
3391
3400
3400
3429
3440
3441
3447
3461
3469
3473
3483
3503
3510
3518
3519
3529
3530
3532
3542
3546
3566
3570
3573
3577
3605
3613
3618
3626
3638
3641
3647
3654
3662
3662
3664
3667
3673
3679
3693
3701
3701
3702
3707
3710
3727
3736
3752
3763
3763
3778
3788
3821
3825
3861
3875
3875
3899
3900
3917
3919
3939
3973
4018
4022
4028
4030
4033
4035
4044
4054
4057
4072
4073
4077
4084
4105
4127
4142
4146
4147
4166
4185
4195
4198
4200
4228
4236
4258
4259
4279
4283
4297
4306
4308
4339
4351
4351
4361
4363
4372
4392
4396
4414
4420
4423
4430
4453
4468
4484
4494
4509
4510
4513
4518
4540
4570
4594
4600
4604
4606
4624
4628
4635
4642
4647
4653
4654
4709
4716
4718
4723
4736
4737
4738
4743
4750
4751
4757
4764
4771
4776
4777
4796
4800
4806
4807
4812
4823
4840
4841
4843
4845
4852
4861
4867
4875
4875
4891
4891
4910
4921
4930
4955
4973
5020
5026
5044
5063
5069
5072
5075
5081
5084
5086
5090
5094
5098
5125
5131
5131
5136
5136
5154
5193
5203
5210
5214
5215
5231
5245
5249
5251
5256
5262
5263
5268
5270
5278
5298
5324
5325
5335
5355
5355
5361
5365
5370
5377
5415
5425
5472
5481
5493
5505
5506
5518
5527
5568
5582
5603
5616
5625
5655
5687
5695
5697
5704
5718
5727
5739
5764
5774
5776
5788
5802
5807
5809
5828
5830
5831
5834
5842
5845
5852
5876
5881
5889
5890
5896
5898
5908
5909
5937
5950
5950
5952
5957
5960
5971
5999
6023
6060
6071
6075
6078
6090
6099
6107
6111
6126
6127
6130
6139
6145
6149
6161
6179
6218
6220
6231
6235
6247
6247
6253
6260
6288
6289
6314
6322
6326
6337
6345
6345
6350
6360
6377
6386
6403
6413
6425
6441
6443
6447
6466
6467
6470
6484
6485
6491
6499
6517
6550
6567
6583
6590
6611
6634
6634
6644
6644
6649
6657
6668
6672
6699
6716
6719
6738
6746
6780
6792
6797
6806
6808
6811
6847
6850
6871
6898
6899
6921
6957
6966
6968
6977
6977
6983
6990
7001
7001
7007
7026
7031
7038
7047
7053
7074
7084
7093
7100
7104
7112
7116
7131
7132
7180
7182
7184
7186
7196
7197
7207
7222
7227
7244
7266
7271
7274
7275
7280
7286
7289
7290
7294
7310
7310
7314
7322
7336
7362
7385
7399
7411
7426
7429
7430
7433
7437
7442
7443
7443
7449
7453
7480
7499
7517
7520
7534
7557
7581
7588
7592
7598
7603
7613
7635
7642
7645
7711
7714
7735
7754
7777
7791
7792
7796
7812
7818
7830
7830
7836
7838
7839
7841
7842
7848
7856
7860
7860
7876
7881
7904
7906
7907
7923
7945
7946
7958
7963
7988
7996
7997
8014
8014
8017
8042
8068
8083
8087
8116
8119
8136
8149
8151
8163
8169
8179
8181
8200
8223
8231
8238
8252
8272
8279
8279
8302
8312
8314
8320
8333
8336
8350
8365
8372
8377
8389
8396
8419
8423
8423
8428
8444
8467
8470
8479
8481
8482
8489
8496
8497
8500
8515
8525
8531
8534
8535
8537
8546
8555
8566
8583
8586
8593
8597
8600
8601
8610
8611
8625
8627
8649
8671
8671
8697
8720
8732
8734
8737
8744
8745
8748
8749
8757
8758
8760
8771
8778
8788
8791
8798
8811
8817
8833
8858
8868
8870
8880
8888
8896
8909
8917
8931
8939
8963
8983
9015
9016
9023
9038
9056
9064
9066
9066
9070
9081
9120
9123
9128
9130
9133
9163
9169
9176
9190
9223
9247
9268
9268
9270
9276
9280
9286
9297
9311
9322
9332
9355
9387
9399
9415
9431
9436
9439
9441
9445
9450
9454
9481
9491
9492
9497
9498
9501
9505
9509
9513
9518
9526
9545
9552
9563
9567
9571
9581
9582
9595
9601
9618
9628
9639
9648
9653
9657
9665
9666
9668
9679
9690
9690
9691
9703
9716
9729
9746
9749
9753
9753
9756
9771
9774
9774
9809
9812
9821
9835
9836
9853
9855
9873
9885
9909
9914
9924
9947
9972
9980
9985
10001
10002
10005
10005
10013
10027
10035
10060
10094
10095
10103
10104
10112
10118
10118
10121
10145
10164
10169
10172
10185
10201
10209
10211
10216
10223
10229
10239
10274
10274
10280
10288
10292
10294
10296
10297
10302
10312
10334
10334
10335
10337
10337
10364
10383
10387
10401
10412
10413
10414
10471
10478
10481
10487
10490
10492
10504
10506
10513
10526
10553
10561
10567
10585
10601
10631
10635
10662
10665
10681
10692
10697
10699
10708
10720
10724
10734
10735
10761
10762
10766
10767
10786
10789
10816
10827
10832
10840
10840
10842
10844
10856
10862
10865
10867
10876
10879
10914
10927
10928
10935
10940
10946
10949
10978
11000
11022
11036
11055
11066
11079
11083
11093
11111
11131
11142
11147
11148
11157
11158
11159
11166
11182
11197
11198
11201
11203
11254
11255
11260
11287
11288
11326
11339
11345
11346
11366
11367
11372
11384
11393
11397
11401
11408
11425
11453
11456
11457
11457
11484
11491
11511
11529
11548
11561
11564
11611
11618
11621
11629
11649
11664
11680
11703
11714
11716
11719
11722
11725
11735
11745
11748
11755
11761
11763
11765
11768
11787
11789
11800
11803
11804
11814
11817
11828
11834
11847
11864
11891
11909
11917
11922
11925
11947
11950
11959
11968
11969
11987
11994
11997
11997
12016
12022
12044
12088
12090
12093
12102
12102
12116
12121
12125
12135
12144
12148
12148
12162
12176
12182
12184
12184
12194
12196
12200
12211
12220
12220
12250
12265
12294
12305
12310
12311
12311
12313
12322
12345
12355
12356
12359
12386
12398
12404
12409
12420
12427
12435
12444
12447
12454
12458
12471
12487
12492
12499
12506
12517
12536
12556
12566
12596
12600
12608
12625
12645
12662
12673
12674
12684
12708
12710
12724
12732
12741
12751
12758
12765
12774
12775
12801
12809
12836
12836
12864
12867
12873
12873
12889
12896
12900
12913
12913
12934
12944
12947
12950
12955
12958
12966
12967
12988
12989
12991
13004
13024
13060
13088
13093
13115
13119
13125
13128
13133
13134
13136
13139
13149
13151
13154
13159
13171
13171
13175
13177
13187
13197
13198
13208
13223
13229
13239
13262
13283
13297
13298
13306
13326
13340
13368
13369
13384
13388
13396
13404
13421
13426
13438
13444
13446
13449
13450
13455
13458
13467
13470
13495
13513
13517
13526
13527
13528
13529
13533
13544
13549
13549
13569
13569
13571
13571
13574
13585
13597
13598
13667
13668
13669
13676
13677
13678
13681
13701
13704
13711
13723
13723
13735
13752
13768
13786
13787
13815
13846
13858
13861
13861
13870
13876
13879
13897
13905
13911
13932
13938
13942
13950
13964
13964
13988
13991
13995
13998
14005
14019
14022
14029
14029
14072
14084
14085
14096
14101
14103
14110
14116
14119
14141
14145
14147
14166
14213
14248
14261
14272
14276
14282
14286
14291
14296
14302
14310
14313
14314
14320
14341
14384
14406
14415
14419
14436
14448
14480
14480
14494
14496
14498
14498
14521
14525
14531
14538
14543
14552
14560
14586
14596
14604
14606
14609
14629
14635
14636
14652
14660
14675
14684
14697
14702
14706
14713
14718
14736
14738
14746
14753
14769
14785
14793
14795
14818
14819
14820
14836
14856
14870
14875
14878
14908
14917
14924
14928
14969
14970
15009
15047
15060
15082
15103
15115
15120
15134
15155
15183
15184
15185
15206
15210
15222
15225
15227
15232
15236
15243
15251
15263
15272
15280
15288
15291
15293
15328
15330
15340
15350
15367
15373
15383
15395
15400
15404
15404
15416
15432
15434
15452
15458
15465
15466
15468
15470
15472
15486
15491
15513
15515
15542
15558
15570
15576
15581
15584
15607
15609
15614
15617
15621
15636
15675
15689
15700
15716
15719
15721
15724
15729
15738
15740
15744
15754
15769
15785
15786
15813
15819
15822
15826
15828
15829
15842
15846
15850
15852
15853
15869
15871
15881
15884
15886
15907
15917
15917
15931
15963
15964
15967
15969
15984
16001
16016
16021
16024
16039
16050
16067
16069
16070
16076
16079
16084
16086
16093
16097
16100
16111
16136
16142
16156
16174
16175
16188
16195
16202
16205
16222
16228
16236
16251
16253
16255
16258
16260
16267
16269
16289
16307
16327
16330
16367
16369
16379
16386
16436
16447
16458
16459
16476
16482
16495
16532
16535
16573
16612
16616
16659
16660
16668
16689
16711
16720
16733
16753
16755
16756
16767
16776
16777
16784
16787
16790
16821
16821
16871
16873
16878
16892
16898
16902
16908
16914
16921
16922
16933
16936
16942
16943
16969
16970
16992
16994
16997
16999
17002
17032
17043
17057
17077
17078
17090
17093
17093
17098
17113
17117
17155
17156
17159
17178
17206
17206
17207
17207
17234
17235
17244
17251
17258
17262
17265
17266
17270
17273
17277
17277
17286
17292
17300
17311
17312
17326
17328
17328
17341
17358
17358
17367
17376
17383
17390
17409
17410
17434
17452
17459
17487
17492
17493
17516
17522
17526
17568
17583
17584
17593
17602
17606
17630
17655
17691
17724
17735
17741
17750
17757
17765
17770
17783
17791
17792
17813
17820
17832
17874
17876
17877
17880
17882
17889
17898
17907
17924
17946
17946
17947
17948
17949
17968
17974
18023
18049
18055
18061
18082
18094
18094
18099
18102
18117
18127
18138
18157
18172
18175
18179
18201
18216
18222
18226
18238
18244
18256
18266
18278
18282
18294
18299
18305
18315
18317
18326
18329
18343
18344
18359
18365
18375
18381
18382
18385
18398
18408
18438
18447
18462
18482
18485
18495
18495
18522
18527
18553
18564
18567
18577
18588
18630
18657
18659
18669
18679
18691
18708
18737
18739
18740
18742
18743
18756
18758
18780
18783
18788
18792
18793
18810
18819
18825
18873
18884
18894
18931
18935
18942
18952
18957
18963
18964
18984
19004
19014
19026
19032
19052
19061
19061
19071
19080
19081
19082
19109
19111
19115
19127
19127
19135
19142
19152
19152
19154
19165
19166
19170
19187
19206
19210
19220
19235
19240
19278
19278
19288
19295
19296
19309
19312
19323
19335
19341
19343
19352
19358
19365
19369
19372
19375
19380
19383
19384
19388
19397
19402
19413
19414
19419
19433
19436
19442
19446
19470
19475
19475
19486
19522
19522
19542
19546
19551
19553
19554
19554
19586
19598
19605
19606
19613
19616
19625
19640
19647
19656
19665
19668
19669
19671
19675
19697
19700
19700
19715
19725
19760
19768
19771
19779
19779
19795
19807
19808
19817
19817
19841
19861
19865
19877
19891
19891
19892
19899
19905
19921
19948
19948
19951
19958
19974
19987
19991
20023
20026
20032
20051
20062
20068
20098
20105
20135
20143
20153
20155
20164
20189
20201
20202
20237
20242
20259
20263
20276
20283
20288
20296
20306
20320
20322
20336
20360
20387
20398
20409
20428
20431
20451
20462
20480
20486
20507
20511
20513
20517
20521
20522
20525
20526
20530
20550
20552
20555
20560
20572
20579
20586
20587
20598
20599
20625
20627
20653
20662
20663
20683
20687
20700
20703
20724
20739
20742
20751
20761
20771
20774
20785
20796
20848
20851
20852
20860
20871
20883
20895
20898
20905
20905
20966
20967
20972
20991
21003
21009
21013
21024
21028
21060
21078
21087
21101
21101
21113
21131
21149
21150
21155
21180
21180
21182
21212
21215
21232
21237
21239
21262
21265
21285
21288
21310
21317
21324
21324
21342
21346
21352
21352
21356
21366
21366
21375
21377
21397
21431
21453
21458
21463
21470
21490
21493
21500
21512
21526
21550
21551
21554
21556
21567
21575
21576
21588
21593
21601
21605
21627
21649
21649
21664
21683
21713
21735
21745
21746
21762
21774
21776
21787
21798
21804
21838
21839
21855
21869
21878
21891
21901
21908
21932
21946
21958
21960
21961
21963
21980
21981
21998
22014
22028
22040
22068
22085
22091
22103
22134
22136
22155
22166
22172
22175
22180
22183
22193
22194
22202
22215
22228
22228
22228
22234
22258
22269
22270
22273
22278
22316
22317
22319
22331
22355
22365
22376
22386
22402
22417
22427
22431
22456
22479
22479
22488
22491
22498
22512
22516
22517
22528
22530
22562
22597
22602
22607
22617
22619
22634
22641
22643
22644
22653
22658
22658
22667
22690
22692
22694
22694
22706
22712
22717
22727
22743
22744
22750
22756
22767
22770
22773
22776
22778
22781
22783
22784
22784
22789
22793
22808
22823
22832
22834
22842
22875
22894
22905
22906
22906
22923
22929
22930
22967
22994
22994
23011
23025
23028
23036
23036
23037
23071
23073
23116
23141
23143
23152
23152
23152
23160
23167
23170
23170
23181
23191
23222
23225
23227
23245
23272
23293
23299
23306
23312
23328
23342
23361
23379
23380
23387
23443
23472
23481
23507
23508
23519
23533
23543
23608
23616
23630
23633
23636
23645
23650
23652
23661
23663
23664
23684
23692
23694
23700
23716
23738
23739
23742
23744
23757
23762
23763
23772
23776
23783
23799
23842
23859
23868
23874
23885
23904
23908
23909
23910
23913
23945
23949
23967
23969
23982
23984
23987
23989
23997
23998
24020
24025
24038
24054
24073
24080
24093
24098
24103
24106
24116
24119
24127
24132
24138
24149
24150
24180
24180
24198
24202
24210
24226
24235
24245
24249
24262
24265
24268
24272
24276
24277
24299
24302
24302
24307
24308
24317
24322
24324
24325
24351
24364
24380
24390
24411
24415
24419
24428
24455
24455
24459
24471
24474
24479
24484
24485
24489
24511
24515
24530
24536
24542
24544
24562
24584
24613
24614
24622
24628
24631
24644
24649
24649
24668
24673
24692
24694
24707
24714
24722
24725
24750
24772
24779
24782
24804
24808
24814
24818
24831
24853
24872
24874
24879
24907
24915
24928
24941
24945
24950
24958
24966
24975
24977
24993
25005
25007
25011
25027
25029
25039
25044
25047
25051
25058
25060
25077
25098
25100
25128
25128
25143
25161
25164
25174
25178
25200
25224
25226
25229
25238
25247
25247
25249
25273
25296
25315
25318
25322
25322
25340
25354
25357
25367
25391
25398
25404
25425
25430
25446
25449
25454
25462
25473
25479
25480
25488
25491
25500
25520
25523
25526
25537
25540
25541
25551
25559
25580
25581
25586
25590
25591
25592
25604
25610
25611
25614
25643
25645
25645
25661
25661
25665
25669
25674
25682
25697
25700
25713
25726
25738
25766
25768
25774
25775
25788
25789
25789
25799
25806
25807
25825
25868
25877
25893
25905
25909
25922
25927
25934
25975
25994
26006
26019
26037
26048
26073
26098
26110
26124
26141
26156
26179
26204
26211
26225
26265
26270
26270
26286
26291
26291
26299
26302
26303
26317
26324
26333
26371
26373
26375
26380
26381
26384
26388
26403
26413
26415
26422
26438
26440
26442
26444
26449
26470
26472
26480
26489
26492
26493
26494
26499
26507
26518
26523
26529
26531
26539
26542
26562
26564
26568
26577
26599
26609
26618
26628
26629
26630
26640
26647
26648
26655
26655
26658
26673
26678
26687
26706
26714
26714
26720
26724
26732
26749
26761
26762
26764
26769
26771
26775
26793
26796
26797
26798
26814
26822
26822
26831
26837
26839
26840
26841
26842
26845
26849
26850
26862
26863
26898
26901
26901
26937
26955
26957
26958
26994
26996
27006
27010
27018
27034
27053
27071
27079
27087
27090
27095
27105
27109
27114
27136
27137
27139
27142
27144
27158
27177
27202
27202
27203
27212
27226
27231
27248
27250
27252
27252
27258
27261
27301
27306
27323
27325
27329
27333
27336
27349
27356
27366
27371
27393
27395
27405
27415
27428
27443
27452
27458
27467
27473
27486
27492
27505
27524
27527
27530
27553
27561
27564
27567
27571
27579
27584
27593
27594
27597
27610
27613
27615
27650
27655
27692
27702
27713
27722
27725
27730
27750
27762
27763
27778
27799
27816
27828
27857
27872
27881
27914
27919
27922
27928
27930
27938
27948
27975
27988
28005
28008
28010
28020
28043
28050
28080
28088
28107
28113
28113
28116
28116
28120
28125
28127
28129
28135
28150
28151
28157
28181
28184
28209
28227
28242
28243
28248
28251
28254
28262
28263
28288
28293
28295
28301
28303
28315
28344
28345
28349
28371
28378
28380
28389
28403
28411
28428
28429
28454
28461
28470
28496
28530
28543
28556
28563
28565
28566
28573
28585
28591
28599
28601
28607
28613
28622
28630
28636
28651
28674
28680
28691
28698
28698
28706
28716
28731
28732
28754
28760
28767
28772
28781
28799
28810
28814
28816
28849
28854
28887
28890
28909
28918
28922
28932
28940
28940
28950
28952
28957
28974
28976
28979
28984
28993
28997
28998
29001
29029
29039
29052
29065
29069
29071
29074
29087
29097
29098
29100
29116
29121
29133
29144
29148
29150
29156
29159
29163
29176
29183
29187
29195
29198
29201
29207
29208
29214
29217
29221
29234
29237
29251
29252
29266
29298
29304
29319
29339
29343
29345
29361
29383
29383
29384
29385
29390
29391
29400
29406
29414
29417
29418
29426
29431
29440
29484
29490
29490
29493
29493
29518
29520
29538
29545
29559
29560
29562
29568
29572
29579
29581
29592
29595
29606
29611
29633
29640
29648
29648
29656
29687
29688
29700
29710
29719
29720
29734
29771
29808
29825
29829
29846
29848
29852
29857
29857
29871
29872
29900
29904
29908
30005
30007
30009
30016
30020
30038
30045
30068
30079
30115
30144
30147
30168
30174
30176
30187
30208
30226
30228
30231
30232
30249
30260
30263
30274
30289
30290
30293
30298
30300
30306
30313
30317
30318
30329
30330
30330
30345
30349
30353
30357
30366
30370
30375
30380
30411
30417
30427
30458
30462
30463
30463
30488
30492
30499
30508
30517
30534
30537
30540
30547
30568
30589
30601
30613
30618
30620
30647
30696
30697
30700
30711
30715
30726
30730
30730
30733
30756
30762
30771
30782
30790
30796
30804
30808
30819
30823
30824
30827
30828
30829
30840
30842
30844
30845
30867
30874
30894
30914
30915
30922
30923
30931
30951
30953
30956
30969
30974
30992
31019
31045
31047
31048
31048
31049
31055
31067
31084
31105
31159
31165
31170
31184
31198
31200
31200
31214
31220
31242
31258
31280
31285
31296
31297
31306
31311
31316
31321
31321
31333
31334
31342
31355
31361
31366
31371
31373
31387
31402
31406
31419
31420
31465
31508
31523
31546
31547
31548
31556
31558
31560
31571
31587
31594
31596
31599
31604
31606
31613
31617
31641
31642
31649
31656
31674
31675
31686
31691
31725
31727
31727
31729
31732
31738
31749
31752
31757
31763
31770
31772
31786
31796
31797
31798
31802
31802
31834
31840
31840
31844
31847
31878
31887
31902
31906
31911
31936
31950
31954
31955
31959
31960
31963
31979
32006
32019
32022
32042
32060
32074
32074
32092
32127
32133
32137
32144
32156
32193
32198
32200
32216
32217
32222
32231
32240
32244
32249
32258
32282
32282
32285
32288
32296
32343
32358
32370
32379
32399
32399
32401
32423
32437
32444
32471
32486
32490
32493
32503
32512
32524
32525
32583
32585
32594
32614
32626
32626
32627
32637
32644
32651
32655
32657
32671
32677
32687
32695
32696
32702
32706
32707
32712
32724
32728
32741
32747
32748
32754
32765
32769
32778
32794
32795
32798
32805
32813
32814
32815
32818
32819
32820
32843
32843
32850
32860
32875
32878
32889
32915
32926
32928
32932
32939
32939
32978
32989
32990
32999
33014
33020
33032
33040
33045
33046
33052
33061
33063
33064
33071
33085
33085
33097
33129
33137
33165
33180
33187
33189
33213
33222
33226
33235
33260
33269
33274
33280
33284
33286
33289
33292
33292
33311
33325
33330
33338
33344
33349
33354
33370
33378
33381
33389
33389
33398
33398
33398
33404
33433
33450
33452
33465
33529
33546
33553
33574
33575
33585
33587
33617
33621
33626
33631
33633
33644
33646
33655
33663
33674
33675
33677
33683
33702
33705
33707
33738
33740
33741
33746
33748
33763
33775
33790
33795
33801
33813
33814
33818
33828
33830
33839
33840
33844
33849
33852
33877
33882
33884
33890
33902
33908
33911
33912
33912
33936
33940
33947
33973
33973
33980
33986
33992
34000
34002
34002
34004
34010
34013
34025
34048
34065
34074
34075
34078
34079
34090
34095
34100
34111
34122
34140
34169
34189
34208
34209
34214
34270
34295
34297
34312
34328
34337
34342
34354
34373
34384
34386
34395
34401
34424
34433
34436
34455
34458
34477
34487
34493
34501
34506
34506
34507
34518
34522
34554
34579
34579
34589
34634
34644
34651
34660
34661
34688
34702
34713
34716
34726
34727
34781
34787
34805
34810
34812
34813
34831
34847
34853
34864
34872
34877
34889
34891
34892
34908
34915
34916
34923
34932
34947
34950
34953
34962
34980
34985
34986
35014
35021
35027
35029
35048
35049
35076
35080
35084
35084
35089
35106
35114
35129
35140
35142
35159
35162
35170
35172
35186
35189
35190
35194
35214
35220
35221
35236
35244
35295
35310
35312
35331
35356
35370
35408
35408
35414
35422
35433
35460
35462
35464
35472
35475
35494
35506
35518
35546
35591
35595
35595
35597
35600
35602
35606
35612
35621
35624
35626
35648
35652
35659
35664
35668
35671
35674
35679
35710
35717
35718
35728
35728
35737
35741
35745
35766
35774
35779
35789
35790
35794
35794
35794
35796
35802
35803
35805
35807
35822
35833
35837
35869
35875
35877
35883
35908
35938
35946
35955
35956
35985
35988
36025
36034
36045
36065
36082
36112
36127
36147
36150
36155
36160
36167
36173
36202
36236
36241
36255
36265
36267
36273
36284
36291
36302
36314
36316
36317
36352
36353
36355
36366
36369
36378
36379
36393
36397
36411
36415
36454
36463
36464
36476
36484
36486
36509
36512
36513
36519
36536
36552
36557
36559
36569
36569
36579
36589
36589
36598
36599
36606
36608
36622
36634
36652
36652
36657
36659
36661
36672
36673
36685
36696
36713
36714
36717
36727
36728
36755
36762
36779
36780
36806
36812
36817
36818
36825
36852
36858
36868
36878
36910
36920
36922
36930
36931
36945
36952
36973
36978
36987
36991
36997
37018
37026
37026
37045
37047
37049
37061
37073
37089
37093
37103
37111
37111
37138
37144
37145
37148
37158
37160
37179
37188
37189
37192
37203
37214
37215
37219
37264
37276
37277
37293
37300
37302
37309
37311
37317
37331
37338
37340
37348
37351
37382
37389
37402
37424
37429
37438
37438
37447
37448
37449
37451
37459
37464
37467
37469
37474
37476
37478
37481
37483
37507
37519
37532
37542
37553
37579
37610
37620
37621
37640
37649
37656
37667
37683
37685
37694
37701
37707
37723
37724
37733
37734
37735
37739
37749
37777
37778
37786
37797
37800
37803
37807
37838
37838
37853
37859
37861
37891
37892
37893
37894
37895
37927
37930
37967
37971
37986
37995
38011
38038
38043
38048
38064
38068
38083
38102
38105
38111
38126
38140
38145
38160
38166
38168
38196
38199
38199
38200
38200
38214
38233
38235
38237
38239
38248
38267
38276
38281
38286
38297
38301
38305
38316
38325
38369
38369
38388
38401
38411
38419
38428
38429
38429
38440
38452
38463
38484
38504
38524
38525
38535
38540
38543
38545
38546
38567
38573
38580
38588
38592
38594
38616
38617
38624
38630
38630
38637
38640
38649
38664
38666
38666
38683
38694
38712
38724
38743
38744
38744
38751
38751
38766
38786
38800
38837
38842
38847
38865
38881
38886
38903
38915
38926
38929
38929
38945
38950
38958
38965
38991
39011
39014
39020
39025
39026
39028
39029
39066
39075
39087
39088
39106
39142
39144
39165
39166
39178
39200
39204
39230
39236
39238
39241
39245
39259
39260
39262
39266
39269
39270
39276
39277
39297
39303
39310
39312
39330
39359
39374
39383
39395
39402
39403
39410
39411
39422
39424
39448
39451
39452
39454
39460
39466
39470
39493
39495
39496
39498
39498
39523
39533
39542
39553
39556
39558
39570
39571
39596
39612
39613
39638
39645
39649
39665
39670
39684
39689
39690
39695
39704
39705
39716
39716
39728
39728
39756
39780
39784
39804
39813
39814
39821
39826
39827
39827
39854
39871
39874
39903
39912
39916
39973
39979
40003
40011
40020
40023
40031
40043
40049
40052
40067
40071
40074
40079
40084
40111
40124
40125
40139
40158
40188
40202
40242
40260
40264
40269
40288
40295
40298
40303
40311
40317
40334
40370
40395
40395
40399
40405
40406
40411
40419
40423
40426
40430
40445
40458
40461
40473
40504
40506
40513
40523
40532
40542
40545
40552
40571
40577
40577
40598
40608
40613
40624
40624
40629
40630
40634
40642
40659
40668
40677
40693
40697
40727
40759
40761
40772
40780
40797
40847
40865
40895
40928
40944
40952
40958
40972
40976
40977
40980
40984
41003
41004
41007
41017
41030
41069
41071
41073
41076
41083
41086
41127
41132
41144
41163
41169
41184
41186
41190
41221
41222
41235
41249
41257
41259
41284
41286
41313
41316
41362
41370
41371
41379
41386
41393
41401
41409
41417
41424
41435
41438
41444
41453
41474
41493
41503
41507
41508
41515
41516
41586
41599
41621
41646
41648
41656
41658
41669
41670
41670
41693
41694
41698
41714
41726
41729
41737
41742
41742
41744
41753
41779
41800
41800
41820
41821
41845
41848
41870
41870
41874
41875
41881
41899
41900
41907
41924
41935
41976
41980
41983
41992
41994
41995
42002
42004
42006
42018
42029
42031
42039
42048
42051
42064
42085
42090
42096
42098
42099
42099
42105
42106
42112
42147
42153
42165
42185
42187
42195
42196
42208
42242
42242
42245
42246
42248
42266
42268
42288
42293
42319
42339
42340
42350
42360
42363
42382
42402
42413
42425
42436
42455
42459
42462
42465
42500
42519
42536
42551
42552
42559
42562
42585
42612
42624
42632
42651
42664
42668
42669
42675
42680
42680
42704
42749
42755
42785
42786
42787
42794
42796
42804
42806
42811
42823
42838
42838
42848
42859
42889
42894
42900
42900
42900
42906
42915
42923
42923
42947
42962
43011
43018
43040
43058
43065
43066
43067
43069
43080
43091
43092
43094
43099
43143
43143
43146
43153
43154
43159
43162
43173
43175
43180
43225
43229
43232
43236
43244
43260
43261
43263
43265
43266
43274
43275
43279
43289
43297
43314
43315
43317
43319
43341
43357
43361
43365
43367
43367
43379
43394
43395
43424
43434
43442
43461
43474
43489
43502
43506
43549
43558
43577
43588
43592
43595
43602
43621
43622
43622
43629
43629
43637
43638
43638
43640
43666
43685
43696
43705
43731
43735
43736
43746
43749
43762
43779
43781
43805
43807
43827
43833
43840
43850
43857
43865
43876
43893
43895
43913
43918
43920
43930
43936
43956
43990
44002
44005
44009
44016
44022
44024
44027
44046
44052
44066
44072
44072
44076
44076
44078
44089
44108
44126
44130
44136
44174
44186
44196
44196
44201
44210
44223
44241
44246
44261
44310
44316
44327
44329
44329
44336
44347
44350
44371
44379
44381
44381
44388
44389
44417
44444
44447
44449
44454
44460
44461
44468
44472
44498
44500
44508
44513
44525
44531
44535
44542
44545
44549
44553
44570
44574
44579
44581
44621
44626
44628
44637
44653
44654
44664
44666
44667
44675
44678
44691
44694
44695
44708
44725
44744
44757
44766
44781
44793
44798
44805
44805
44811
44819
44819
44828
44837
44857
44864
44882
44900
44917
44920
44944
44944
44945
44962
44991
44998
45026
45027
45027
45030
45038
45039
45048
45048
45050
45058
45061
45067
45083
45091
45100
45114
45142
45152
45160
45162
45168
45170
45201
45220
45221
45232
45254
45259
45276
45294
45301
45307
45316
45317
45327
45343
45352
45352
45358
45366
45370
45374
45379
45387
45402
45430
45441
45465
45467
45467
45476
45486
45488
45493
45495
45501
45512
45516
45528
45533
45535
45538
45548
45550
45554
45558
45565
45588
45597
45597
45599
45604
45644
45645
45655
45664
45710
45738
45754
45759
45764
45767
45769
45770
45795
45797
45831
45840
45842
45871
45881
45882
45886
45886
45920
45929
45936
45943
45951
45953
45969
45971
45972
45985
45996
46001
46002
46009
46012
46033
46046
46078
46089
46099
46100
46103
46105
46113
46128
46132
46136
46142
46184
46184
46197
46199
46214
46218
46225
46231
46240
46261
46262
46263
46267
46280
46294
46306
46310
46312
46316
46327
46330
46342
46345
46351
46367
46369
46376
46399
46399
46402
46416
46418
46437
46448
46453
46457
46476
46481
46488
46509
46548
46557
46572
46573
46575
46577
46608
46613
46624
46635
46639
46640
46642
46646
46653
46661
46662
46665
46674
46674
46682
46700
46705
46714
46718
46718
46722
46745
46745
46771
46777
46781
46788
46796
46797
46828
46836
46838
46846
46849
46856
46859
46897
46900
46902
46907
46926
46938
46942
46951
46954
46963
46965
46982
46990
47030
47034
47034
47038
47039
47042
47054
47075
47110
47117
47120
47130
47138
47142
47146
47151
47166
47173
47195
47205
47212
47219
47222
47228
47230
47239
47252
47288
47288
47296
47300
47304
47311
47318
47349
47351
47368
47383
47414
47438
47463
47471
47493
47527
47533
47547
47551
47559
47570
47578
47582
47584
47584
47598
47629
47638
47643
47651
47657
47674
47701
47702
47706
47717
47718
47718
47719
47739
47741
47743
47744
47756
47759
47767
47768
47773
47774
47779
47784
47785
47788
47797
47797
47807
47828
47843
47843
47848
47884
47897
47898
47908
47939
47954
47955
47964
47999
48009
48021
48032
48035
48041
48046
48047
48061
48080
48084
48089
48090
48104
48104
48124
48136
48137
48142
48145
48145
48147
48148
48162
48169
48179
48185
48197
48198
48205
48215
48223
48234
48245
48247
48251
48251
48284
48298
48301
48325
48335
48345
48349
48365
48372
48383
48388
48395
48406
48411
48436
48444
48445
48447
48504
48506
48511
48511
48525
48530
48547
48548
48564
48567
48577
48588
48588
48592
48602
48609
48609
48627
48638
48638
48674
48690
48698
48715
48720
48723
48730
48733
48747
48760
48760
48766
48795
48843
48852
48864
48869
48879
48903
48912
48922
48941
48952
48960
48963
48964
48970
49027
49030
49040
49046
49057
49064
49081
49081
49088
49096
49129
49135
49152
49165
49182
49186
49187
49216
49234
49239
49271
49293
49300
49313
49318
49331
49347
49356
49367
49372
49377
49380
49395
49396
49407
49416
49417
49429
49435
49465
49467
49470
49480
49480
49493
49494
49505
49509
49519
49523
49530
49535
49561
49574
49574
49576
49581
49583
49584
49593
49608
49617
49631
49638
49650
49657
49663
49674
49674
49681
49691
49697
49704
49710
49717
49735
49737
49743
49743
49743
49746
49750
49752
49768
49773
49793
49805
49808
49814
49854
49859
49880
49892
49910
49916
49918
49921
49924
49926
49927
49931
49933
49956
49979
50000
50012
50021
50030
50031
50042
50074
50079
50079
50079
50088
50091
50095
50099
50112
50117
50140
50191
50196
50213
50215
50216
50234
50245
50247
50252
50263
50274
50278
50284
50296
50300
50309
50337
50338
50347
50349
50356
50359
50367
50378
50383
50401
50404
50415
50432
50441
50456
50461
50505
50516
50517
50518
50558
50569
50574
50580
50589
50591
50591
50592
50598
50599
50609
50614
50616
50617
50618
50621
50622
50622
50632
50641
50646
50654
50655
50660
50661
50708
50712
50721
50722
50728
50733
50748
50783
50784
50788
50795
50803
50806
50814
50828
50829
50844
50845
50851
50853
50854
50856
50859
50899
50903
50911
50917
50921
50923
50933
50941
50941
50946
50947
50954
50972
50985
50991
51001
51017
51048
51056
51069
51089
51090
51110
51133
51134
51148
51153
51158
51201
51206
51219
51220
51222
51229
51242
51249
51252
51262
51266
51271
51274
51280
51282
51290
51294
51296
51297
51301
51333
51350
51357
51362
51375
51398
51425
51430
51446
51456
51457
51468
51498
51499
51548
51557
51570
51589
51592
51609
51609
51611
51650
51651
51651
51701
51701
51703
51723
51745
51759
51786
51825
51831
51850
51862
51875
51878
51887
51908
51930
51939
51946
51953
51965
51970
51973
51980
51984
52001
52017
52042
52046
52047
52101
52106
52138
52140
52145
52147
52154
52187
52197
52207
52207
52209
52223
52247
52251
52253
52260
52290
52311
52315
52318
52328
52339
52340
52349
52353
52360
52385
52386
52393
52402
52408
52409
52416
52433
52438
52439
52441
52451
52457
52478
52482
52502
52518
52524
52528
52560
52563
52563
52570
52576
52577
52593
52599
52606
52629
52632
52638
52660
52676
52683
52703
52720
52742
52747
52765
52774
52800
52811
52821
52821
52824
52845
52883
52912
52924
52934
52954
52954
52963
52968
52969
52977
52987
52998
53029
53038
53051
53058
53064
53073
53081
53095
53097
53103
53103
53104
53104
53106
53129
53130
53133
53134
53161
53168
53173
53174
53186
53189
53204
53216
53225
53241
53275
53277
53278
53286
53286
53290
53291
53304
53307
53309
53317
53324
53342
53343
53346
53348
53369
53373
53377
53384
53409
53409
53412
53417
53428
53433
53449
53464
53475
53479
53482
53492
53494
53504
53510
53526
53527
53530
53531
53547
53550
53561
53563
53567
53576
53580
53594
53656
53663
53665
53667
53673
53679
53685
53691
53698
53702
53707
53717
53719
53724
53752
53764
53778
53784
53790
53798
53812
53813
53818
53833
53841
53845
53846
53847
53849
53854
53869
53888
53893
53901
53903
53915
53956
53966
53967
53971
53973
53985
53986
53992
54000
54004
54008
54035
54035
54037
54042
54043
54048
54056
54063
54082
54097
54108
54111
54112
54122
54125
54136
54164
54171
54172
54176
54179
54210
54219
54226
54237
54245
54249
54254
54256
54259
54265
54268
54268
54268
54279
54286
54288
54289
54310
54315
54315
54355
54363
54368
54402
54425
54433
54443
54457
54470
54506
54511
54515
54523
54525
54533
54535
54543
54544
54544
54552
54572
54582
54585
54589
54591
54603
54603
54608
54618
54623
54624
54628
54655
54659
54660
54674
54678
54681
54693
54704
54712
54714
54716
54720
54740
54740
54765
54768
54797
54797
54801
54810
54827
54837
54844
54855
54875
54885
54891
54899
54929
54935
54942
54945
54949
54959
54981
54983
54996
55029
55043
55047
55048
55050
55052
55063
55067
55092
55093
55093
55096
55117
55134
55172
55190
55200
55204
55209
55262
55269
55270
55275
55307
55311
55312
55315
55322
55333
55340
55342
55371
55385
55387
55391
55399
55416
55424
55426
55445
55464
55471
55474
55480
55498
55502
55504
55509
55515
55518
55521
55528
55538
55560
55560
55565
55574
55576
55582
55583
55608
55609
55619
55630
55633
55634
55640
55649
55649
55656
55664
55666
55668
55719
55730
55740
55772
55781
55785
55787
55795
55817
55821
55823
55840
55864
55865
55866
55908
55918
55936
55949
55958
55965
55966
55970
55983
55986
56000
56009
56024
56039
56042
56046
56048
56049
56065
56075
56075
56095
56110
56115
56116
56149
56153
56163
56168
56182
56197
56197
56215
56225
56231
56252
56271
56294
56311
56322
56329
56339
56343
56349
56353
56355
56358
56384
56388
56390
56397
56398
56420
56443
56445
56460
56496
56500
56509
56519
56534
56545
56560
56580
56586
56588
56602
56603
56615
56624
56630
56656
56668
56670
56727
56728
56742
56743
56745
56751
56752
56756
56781
56816
56826
56833
56833
56867
56878
56904
56930
56944
56954
56976
56980
56991
57000
57000
57001
57005
57015
57028
57040
57050
57081
57084
57114
57116
57117
57127
57127
57136
57139
57142
57146
57147
57170
57175
57181
57187
57195
57206
57230
57234
57246
57247
57266
57278
57279
57299
57307
57317
57330
57332
57333
57337
57338
57341
57352
57352
57364
57368
57389
57405
57411
57413
57426
57432
57451
57453
57460
57468
57490
57493
57501
57508
57524
57537
57543
57559
57561
57572
57574
57600
57602
57616
57620
57621
57639
57643
57648
57649
57673
57676
57707
57709
57711
57719
57730
57742
57744
57748
57748
57756
57787
57789
57796
57796
57796
57804
57810
57818
57822
57833
57841
57847
57860
57861
57863
57868
57903
57938
57952
57965
57989
57997
58011
58020
58036
58044
58062
58063
58088
58089
58089
58090
58105
58111
58142
58147
58148
58154
58155
58156
58172
58173
58185
58206
58220
58223
58233
58254
58263
58276
58282
58286
58289
58290
58293
58296
58296
58300
58302
58325
58346
58348
58383
58388
58393
58403
58415
58415
58417
58420
58442
58445
58456
58457
58462
58469
58469
58482
58483
58498
58500
58508
58547
58547
58564
58605
58615
58619
58624
58640
58648
58664
58667
58671
58678
58704
58727
58732
58733
58738
58745
58779
58794
58805
58823
58835
58845
58847
58848
58857
58862
58866
58881
58887
58896
58903
58905
58918
58928
58932
58942
58958
58963
58970
58971
58982
58986
58990
59006
59007
59020
59026
59031
59031
59036
59045
59052
59053
59054
59056
59057
59068
59085
59098
59102
59106
59116
59127
59141
59147
59152
59173
59174
59179
59188
59209
59223
59230
59233
59266
59270
59275
59287
59322
59322
59356
59395
59397
59408
59409
59412
59415
59433
59434
59446
59462
59492
59499
59502
59509
59516
59520
59522
59537
59552
59567
59570
59600
59610
59620
59623
59632
59640
59640
59651
59653
59675
59681
59696
59724
59729
59745
59756
59757
59763
59765
59766
59779
59785
59785
59791
59808
59825
59831
59841
59846
59846
59848
59851
59896
59903
59907
59913
59914
59941
59946
59950
59977
59983
59988
59998
60008
60009
60012
60013
60021
60024
60048
60118
60133
60148
60149
60153
60164
60170
60171
60177
60191
60200
60216
60251
60280
60287
60298
60312
60326
60363
60375
60390
60397
60398
60406
60409
60412
60420
60422
60449
60453
60457
60460
60473
60484
60496
60512
60517
60528
60531
60540
60542
60544
60545
60564
60586
60590
60590
60594
60602
60607
60618
60636
60652
60661
60694
60707
60711
60711
60712
60735
60752
60753
60754
60762
60785
60791
60795
60798
60807
60812
60813
60816
60845
60850
60878
60893
60899
60906
60916
60946
60982
60988
61010
61011
61017
61029
61043
61048
61051
61054
61075
61086
61097
61098
61140
61181
61196
61198
61200
61202
61204
61225
61234
61240
61258
61259
61301
61333
61337
61341
61361
61367
61382
61388
61397
61402
61402
61406
61409
61413
61416
61464
61473
61476
61479
61480
61481
61492
61496
61559
61565
61576
61587
61593
61601
61606
61628
61636
61661
61677
61678
61696
61715
61721
61730
61736
61781
61792
61794
61802
61818
61833
61856
61859
61864
61880
61890
61892
61896
61901
61907
61912
61915
61921
61925
61932
61951
61964
61972
61973
61992
61995
62002
62017
62020
62027
62043
62045
62067
62072
62074
62089
62096
62096
62109
62120
62125
62151
62152
62168
62170
62172
62173
62188
62189
62225
62228
62229
62233
62233
62239
62248
62252
62258
62261
62283
62293
62297
62302
62313
62313
62320
62320
62326
62334
62342
62355
62387
62398
62415
62417
62422
62423
62423
62434
62436
62488
62490
62491
62506
62510
62523
62527
62527
62547
62556
62569
62578
62584
62589
62592
62629
62637
62643
62645
62656
62659
62664
62670
62686
62700
62711
62724
62740
62754
62761
62763
62766
62769
62784
62794
62801
62813
62818
62819
62882
62906
62927
62934
62936
62951
62954
62959
62973
62974
62975
63005
63009
63039
63040
63043
63048
63065
63071
63080
63085
63092
63106
63119
63122
63134
63147
63153
63154
63162
63186
63193
63195
63231
63238
63247
63258
63261
63265
63270
63285
63287
63291
63309
63331
63339
63340
63340
63364
63366
63370
63384
63392
63403
63420
63422
63427
63433
63440
63459
63466
63468
63471
63486
63492
63500
63514
63515
63522
63525
63532
63544
63550
63559
63573
63617
63617
63665
63674
63689
63730
63738
63740
63747
63761
63764
63782
63831
63832
63842
63844
63852
63863
63887
63908
63914
63921
63923
63932
63940
63943
63943
63953
63976
63989
63998
64012
64026
64027
64044
64068
64070
64076
64079
64086
64108
64129
64138
64183
64205
64222
64255
64260
64262
64281
64285
64292
64298
64308
64309
64330
64355
64356
64360
64384
64392
64398
64404
64415
64415
64423
64428
64440
64448
64450
64454
64471
64511
64522
64538
64538
64544
64547
64555
64567
64575
64595
64602
64608
64627
64637
64652
64660
64661
64688
64706
64709
64723
64729
64733
64754
64760
64789
64798
64817
64826
64839
64840
64842
64851
64862
64862
64887
64892
64900
64914
64923
64926
64929
64934
64950
64960
64966
64966
64970
65041
65065
65084
65102
65110
65125
65147
65149
65165
65165
65177
65180
65188
65198
65200
65217
65240
65244
65245
65292
65297
65305
65313
65321
65326
65327
65342
65343
65355
65361
65362
65375
65386
65394
65395
65398
65403
65406
65412
65426
65428
65431
65432
65441
65457
65481
65494
65502
65503
65518
65524
65529
65531
65565
65566
65578
65578
65580
65597
65630
65631
65644
65646
65662
65663
65701
65702
65720
65721
65726
65732
65737
65743
65767
65768
65770
65771
65771
65778
65791
65802
65826
65841
65847
65851
65858
65867
65876
65879
65891
65898
65910
65914
65915
65937
65946
65958
65961
65961
65982
65997
65998
66025
66032
66042
66047
66065
66067
66080
66090
66106
66116
66125
66130
66134
66146
66146
66154
66154
66169
66173
66190
66196
66223
66230
66231
66233
66242
66253
66256
66257
66268
66295
66301
66305
66314
66316
66323
66328
66346
66378
66381
66387
66393
66415
66418
66421
66466
66471
66474
66483
66488
66499
66508
66509
66516
66518
66519
66529
66534
66538
66547
66555
66579
66595
66602
66626
66631
66632
66653
66689
66692
66693
66694
66703
66728
66729
66729
66733
66733
66743
66805
66808
66810
66812
66816
66829
66831
66835
66844
66863
66864
66884
66897
66909
66913
66918
66923
66926
66926
66927
66928
66954
66956
66975
66975
66976
66984
66985
67007
67016
67021
67046
67049
67057
67063
67068
67091
67113
67115
67131
67131
67132
67135
67150
67153
67156
67178
67187
67216
67218
67219
67227
67265
67284
67301
67301
67302
67334
67341
67346
67358
67364
67391
67425
67431
67438
67449
67453
67459
67460
67464
67470
67484
67494
67500
67501
67504
67518
67523
67528
67540
67548
67572
67588
67594
67602
67605
67634
67636
67652
67664
67665
67673
67681
67686
67688
67733
67744
67750
67758
67766
67779
67786
67789
67793
67793
67815
67817
67819
67830
67834
67842
67848
67850
67853
67863
67864
67870
67871
67876
67881
67881
67894
67916
67934
67947
67955
67962
67974
68008
68012
68015
68026
68031
68045
68050
68053
68067
68070
68071
68077
68078
68091
68100
68115
68137
68150
68154
68158
68195
68197
68214
68229
68272
68284
68287
68289
68310
68313
68318
68322
68329
68333
68333
68354
68361
68373
68390
68390
68418
68421
68427
68438
68438
68442
68451
68460
68465
68478
68483
68515
68530
68535
68542
68555
68567
68568
68575
68583
68583
68605
68607
68621
68629
68629
68632
68642
68651
68653
68664
68674
68685
68691
68711
68720
68728
68733
68734
68736
68740
68750
68753
68768
68805
68808
68814
68824
68855
68857
68859
68862
68865
68871
68872
68909
68917
68920
68925
68926
68957
68962
68971
68972
68982
68985
68989
68994
68998
69013
69015
69034
69035
69068
69073
69085
69107
69119
69124
69141
69167
69170
69177
69180
69201
69218
69219
69238
69247
69249
69249
69253
69265
69265
69265
69270
69282
69286
69302
69310
69321
69321
69326
69331
69331
69334
69345
69354
69358
69376
69386
69403
69426
69432
69443
69456
69471
69472
69479
69490
69503
69503
69519
69529
69540
69544
69552
69564
69570
69572
69584
69592
69607
69608
69664
69677
69694
69701
69705
69713
69721
69737
69744
69751
69753
69753
69754
69755
69760
69773
69788
69796
69817
69821
69826
69856
69878
69893
69893
69906
69915
69929
69953
69969
69974
69980
69983
70014
70034
70044
70062
70062
70079
70081
70110
70128
70135
70147
70154
70160
70164
70167
70177
70186
70187
70204
70240
70241
70298
70309
70317
70322
70327
70330
70348
70372
70377
70378
70384
70409
70422
70430
70443
70454
70470
70484
70491
70504
70507
70534
70541
70551
70551
70552
70556
70560
70561
70566
70569
70577
70591
70614
70617
70623
70632
70656
70658
70662
70664
70673
70681
70693
70704
70736
70755
70784
70803
70821
70851
70856
70862
70862
70876
70878
70878
70879
70884
70888
70893
70921
70930
70932
70936
70938
70962
70967
70972
71008
71013
71028
71030
71036
71051
71068
71090
71119
71125
71145
71160
71202
71210
71210
71226
71245
71250
71266
71273
71282
71288
71347
71351
71356
71360
71373
71385
71393
71393
71396
71416
71444
71462
71474
71487
71500
71510
71537
71540
71543
71554
71556
71558
71561
71571
71573
71582
71611
71615
71642
71645
71653
71658
71662
71684
71704
71728
71730
71743
71744
71752
71757
71757
71771
71775
71781
71819
71851
71862
71873
71895
71902
71907
71924
71932
71966
71972
71988
71992
72008
72019
72019
72022
72023
72077
72079
72084
72097
72099
72115
72117
72144
72146
72147
72162
72166
72190
72207
72215
72218
72222
72223
72245
72250
72267
72296
72298
72311
72316
72322
72327
72328
72335
72338
72343
72351
72355
72397
72399
72421
72437
72464
72485
72525
72536
72537
72540
72546
72553
72556
72563
72564
72568
72571
72572
72573
72591
72604
72606
72615
72626
72636
72638
72644
72654
72667
72668
72668
72670
72687
72689
72701
72728
72730
72730
72744
72757
72763
72769
72780
72781
72784
72790
72808
72834
72860
72863
72864
72877
72880
72882
72910
72930
72931
72935
72942
72945
72984
72989
72994
73001
73011
73014
73016
73028
73050
73052
73062
73065
73070
73076
73077
73078
73081
73081
73088
73106
73126
73132
73133
73146
73177
73185
73204
73216
73227
73237
73259
73265
73271
73283
73286
73291
73320
73323
73329
73338
73344
73358
73363
73365
73371
73408
73412
73416
73423
73431
73440
73441
73445
73447
73449
73463
73484
73486
73489
73491
73493
73500
73508
73508
73524
73540
73546
73562
73568
73572
73574
73576
73592
73596
73664
73673
73675
73689
73698
73703
73725
73734
73746
73760
73766
73777
73777
73777
73789
73803
73805
73810
73819
73832
73841
73846
73864
73892
73922
73947
73952
73956
73958
73964
73964
73993
73999
74015
74022
74032
74032
74040
74045
74056
74060
74061
74069
74069
74081
74089
74092
74093
74111
74119
74119
74128
74129
74147
74148
74158
74165
74174
74182
74189
74230
74234
74235
74236
74255
74261
74275
74276
74313
74324
74332
74343
74348
74378
74386
74389
74399
74408
74409
74416
74420
74435
74442
74454
74460
74472
74486
74488
74503
74524
74531
74539
74548
74556
74571
74574
74582
74593
74614
74618
74619
74621
74638
74645
74648
74657
74701
74742
74749
74761
74763
74763
74788
74791
74793
74824
74834
74846
74860
74863
74868
74895
74901
74902
74916
74918
74924
74938
74953
74957
74996
74996
75001
75003
75015
75020
75025
75030
75030
75038
75041
75047
75052
75056
75058
75060
75066
75100
75120
75125
75128
75135
75139
75157
75193
75209
75223
75234
75249
75256
75272
75272
75277
75301
75305
75308
75308
75309
75314
75320
75337
75342
75378
75378
75380
75384
75387
75389
75409
75410
75414
75422
75439
75445
75466
75479
75480
75488
75489
75493
75500
75515
75516
75520
75522
75530
75572
75576
75576
75589
75589
75597
75613
75632
75641
75641
75657
75660
75665
75673
75718
75727
75734
75739
75739
75788
75789
75791
75797
75811
75835
75837
75841
75843
75844
75850
75895
75904
75926
75935
75943
75948
75952
75971
75985
75989
75989
75993
76003
76005
76029
76037
76041
76049
76050
76078
76089
76095
76105
76125
76127
76136
76141
76145
76161
76162
76167
76184
76204
76208
76215
76219
76225
76230
76233
76250
76277
76294
76296
76321
76323
76341
76343
76344
76358
76384
76386
76391
76396
76409
76413
76433
76438
76448
76451
76452
76457
76458
76459
76462
76470
76486
76497
76500
76509
76516
76521
76524
76526
76541
76544
76558
76581
76595
76599
76600
76601
76615
76623
76624
76634
76653
76669
76686
76694
76698
76709
76709
76733
76743
76743
76752
76764
76768
76771
76792
76804
76807
76808
76808
76828
76831
76837
76845
76847
76849
76850
76861
76865
76869
76875
76918
76930
76951
76961
76978
76985
77010
77011
77035
77042
77060
77061
77062
77074
77089
77100
77106
77129
77134
77135
77151
77157
77182
77185
77196
77206
77214
77221
77231
77236
77246
77259
77260
77297
77298
77317
77317
77326
77328
77338
77384
77394
77406
77450
77450
77456
77465
77476
77482
77483
77485
77488
77488
77488
77498
77499
77505
77508
77518
77520
77524
77527
77556
77559
77562
77577
77583
77589
77600
77606
77608
77611
77629
77632
77635
77655
77679
77692
77702
77707
77709
77744
77748
77749
77753
77765
77780
77789
77796
77796
77800
77814
77817
77821
77826
77837
77847
77850
77854
77857
77865
77867
77870
77885
77906
77915
77915
77920
77938
77949
77949
77969
77994
77998
78008
78009
78015
78019
78030
78032
78039
78041
78050
78072
78099
78109
78112
78116
78120
78125
78127
78127
78138
78145
78150
78154
78158
78163
78164
78198
78200
78204
78206
78230
78231
78265
78296
78305
78311
78313
78334
78362
78366
78376
78388
78393
78408
78415
78427
78428
78441
78448
78449
78453
78472
78474
78476
78482
78487
78487
78519
78527
78530
78542
78557
78569
78583
78594
78595
78603
78605
78610
78613
78620
78640
78649
78667
78678
78689
78697
78707
78714
78740
78745
78749
78760
78769
78795
78824
78827
78852
78862
78873
78879
78899
78916
78917
78938
78941
78955
78964
78969
78988
78992
78996
79009
79017
79020
79034
79042
79055
79067
79073
79076
79092
79104
79107
79126
79130
79130
79137
79146
79162
79187
79207
79211
79213
79213
79219
79242
79244
79250
79263
79282
79293
79332
79358
79359
79384
79399
79406
79421
79427
79437
79437
79446
79452
79457
79481
79494
79499
79499
79501
79504
79520
79526
79531
79539
79541
79553
79586
79587
79603
79620
79622
79623
79629
79663
79675
79678
79704
79710
79716
79729
79733
79741
79743
79751
79752
79758
79810
79824
79831
79832
79839
79851
79858
79861
79863
79867
79884
79890
79890
79894
79906
79929
79948
79970
79992
79994
80003
80005
80012
80017
80035
80043
80048
80060
80062
80062
80069
80070
80088
80092
80097
80102
80103
80112
80126
80138
80152
80154
80191
80192
80201
80208
80233
80244
80269
80271
80285
80288
80314
80335
80338
80347
80348
80362
80363
80364
80378
80379
80383
80389
80390
80415
80447
80460
80482
80486
80488
80514
80517
80529
80535
80555
80569
80575
80610
80616
80619
80633
80635
80666
80672
80681
80696
80704
80706
80708
80712
80727
80735
80739
80755
80759
80806
80808
80814
80831
80832
80842
80848
80862
80873
80883
80903
80903
80926
80929
80939
80941
80942
80942
80947
80977
80984
80999
81003
81007
81011
81024
81035
81041
81046
81051
81057
81060
81063
81080
81084
81086
81100
81104
81106
81108
81117
81126
81151
81178
81189
81213
81222
81228
81229
81235
81240
81248
81254
81264
81274
81282
81302
81308
81309
81310
81310
81334
81337
81337
81360
81388
81421
81432
81461
81461
81469
81486
81508
81517
81530
81540
81548
81557
81583
81583
81606
81615
81616
81665
81677
81708
81717
81729
81732
81735
81741
81749
81783
81792
81798
81806
81815
81822
81825
81829
81865
81894
81897
81910
81911
81913
81919
81928
81929
81980
82000
82010
82011
82036
82044
82059
82064
82069
82073
82076
82077
82078
82079
82120
82135
82175
82187
82201
82209
82219
82221
82263
82264
82282
82283
82292
82299
82300
82314
82337
82354
82373
82378
82387
82405
82424
82440
82442
82448
82469
82485
82485
82492
82515
82553
82559
82560
82565
82569
82572
82591
82623
82623
82628
82633
82635
82641
82658
82693
82698
82702
82713
82736
82754
82760
82763
82766
82767
82772
82775
82777
82792
82792
82805
82809
82818
82824
82839
82844
82865
82868
82873
82874
82880
82898
82910
82919
82919
82931
82944
82945
82976
82987
83000
83003
83003
83004
83013
83018
83033
83038
83040
83074
83106
83128
83128
83130
83151
83155
83160
83180
83211
83214
83215
83226
83228
83240
83248
83260
83266
83272
83272
83283
83285
83286
83289
83301
83325
83342
83346
83376
83400
83404
83407
83410
83419
83420
83421
83426
83431
83455
83482
83482
83543
83545
83552
83563
83595
83596
83604
83607
83619
83634
83666
83670
83714
83719
83723
83735
83742
83756
83771
83771
83777
83779
83780
83785
83792
83815
83824
83826
83852
83877
83893
83893
83909
83913
83940
83943
83967
83973
83977
83985
84002
84017
84022
84035
84054
84071
84101
84105
84118
84123
84137
84137
84152
84153
84165
84174
84181
84201
84220
84226
84237
84247
84259
84265
84268
84282
84311
84332
84339
84344
84362
84372
84373
84373
84403
84416
84424
84442
84448
84456
84461
84463
84470
84491
84496
84499
84509
84529
84542
84557
84565
84566
84577
84591
84607
84618
84643
84664
84704
84710
84714
84714
84727
84746
84754
84758
84769
84770
84778
84779
84795
84829
84837
84844
84851
84857
84870
84881
84882
84891
84893
84901
84902
84913
84944
84960
84965
84969
84974
84976
84988
84999
85002
85002
85038
85048
85048
85054
85068
85069
85076
85078
85092
85100
85103
85118
85122
85139
85142
85178
85207
85207
85213
85214
85215
85215
85245
85252
85299
85312
85323
85323
85327
85337
85355
85357
85364
85367
85398
85417
85420
85422
85444
85464
85470
85471
85495
85520
85535
85540
85564
85570
85580
85589
85602
85617
85645
85646
85647
85650
85650
85656
85677
85678
85688
85703
85711
85722
85723
85732
85733
85736
85746
85754
85770
85778
85779
85789
85806
85808
85831
85841
85867
85872
85887
85905
85917
85934
85972
85987
85988
86021
86037
86066
86068
86082
86082
86088
86094
86096
86108
86110
86110
86110
86119
86120
86121
86135
86137
86147
86175
86191
86195
86197
86199
86204
86215
86240
86277
86296
86301
86302
86337
86341
86344
86350
86352
86366
86372
86376
86379
86382
86383
86387
86394
86395
86399
86400
86408
86413
86418
86419
86428
86439
86451
86476
86480
86482
86490
86492
86518
86530
86534
86536
86541
86546
86559
86587
86594
86619
86634
86642
86654
86660
86688
86744
86750
86751
86752
86752
86779
86792
86801
86804
86811
86824
86844
86847
86852
86854
86871
86896
86898
86906
86916
86917
86920
86927
86929
86937
86939
86940
86944
86958
86970
86973
86974
86991
86993
86995
87002
87002
87009
87026
87045
87051
87058
87069
87072
87076
87080
87081
87101
87107
87122
87123
87124
87131
87167
87208
87225
87229
87232
87232
87236
87244
87249
87252
87258
87271
87276
87276
87290
87293
87324
87338
87351
87360
87361
87363
87381
87387
87407
87409
87411
87413
87425
87445
87463
87464
87466
87480
87487
87494
87495
87511
87552
87566
87581
87589
87598
87599
87602
87623
87626
87638
87644
87644
87654
87660
87662
87665
87695
87699
87699
87712
87715
87718
87740
87746
87755
87765
87770
87778
87801
87817
87837
87841
87863
87865
87884
87885
87887
87889
87898
87903
87908
87957
87981
87982
88010
88034
88038
88051
88068
88074
88074
88075
88103
88103
88105
88110
88113
88114
88123
88138
88147
88159
88163
88168
88186
88188
88192
88207
88213
88231
88253
88265
88271
88272
88273
88303
88307
88310
88317
88323
88327
88330
88331
88342
88347
88355
88357
88364
88374
88376
88396
88402
88402
88404
88408
88434
88441
88448
88448
88477
88496
88502
88519
88530
88538
88550
88552
88560
88562
88598
88599
88601
88609
88617
88669
88695
88701
88725
88732
88734
88735
88756
88758
88761
88772
88772
88776
88786
88787
88819
88830
88831
88838
88849
88852
88863
88876
88895
88900
88918
88924
88927
88956
88961
88966
88982
89003
89010
89010
89010
89038
89049
89066
89069
89073
89100
89124
89125
89147
89158
89164
89183
89194
89205
89206
89210
89234
89267
89271
89272
89277
89283
89289
89335
89343
89345
89348
89357
89359
89368
89371
89389
89390
89391
89401
89414
89419
89419
89432
89432
89433
89435
89452
89453
89480
89482
89507
89508
89510
89514
89527
89529
89543
89550
89556
89558
89566
89568
89584
89608
89641
89660
89663
89665
89673
89675
89715
89745
89749
89750
89750
89759
89759
89762
89765
89765
89767
89769
89773
89774
89806
89818
89847
89851
89851
89860
89863
89868
89876
89883
89891
89893
89904
89913
89914
89922
89948
89967
89977
89977
89984
90000
90024
90041
90056
90063
90067
90091
90094
90108
90127
90130
90145
90149
90152
90161
90165
90165
90176
90189
90214
90214
90215
90221
90233
90247
90254
90260
90269
90284
90297
90308
90309
90321
90335
90347
90350
90356
90363
90370
90382
90389
90395
90395
90396
90408
90422
90426
90457
90462
90465
90469
90474
90476
90487
90511
90523
90524
90533
90543
90553
90572
90574
90589
90601
90615
90626
90633
90647
90654
90657
90671
90679
90681
90688
90690
90728
90731
90733
90735
90737
90764
90768
90774
90779
90788
90807
90818
90843
90844
90844
90848
90851
90853
90853
90894
90913
90919
90924
90929
90954
90962
90968
90975
91005
91018
91028
91038
91039
91047
91048
91048
91051
91059
91068
91076
91096
91101
91104
91111
91124
91151
91152
91168
91186
91199
91238
91241
91242
91251
91263
91267
91268
91283
91285
91292
91304
91316
91325
91338
91346
91351
91385
91386
91390
91416
91420
91432
91438
91469
91478
91483
91483
91486
91504
91506
91531
91534
91543
91560
91566
91569
91569
91570
91589
91598
91606
91621
91628
91634
91643
91657
91659
91672
91690
91701
91713
91720
91731
91737
91767
91768
91780
91781
91809
91819
91830
91838
91850
91862
91887
91901
91914
91919
91927
91935
91942
91945
91945
91989
92013
92026
92050
92060
92066
92082
92091
92094
92099
92106
92107
92126
92132
92137
92147
92155
92160
92164
92166
92169
92177
92181
92189
92191
92197
92209
92209
92221
92221
92229
92265
92279
92306
92318
92332
92389
92402
92403
92416
92458
92461
92464
92469
92477
92478
92507
92507
92533
92544
92546
92559
92578
92591
92591
92591
92593
92606
92632
92659
92667
92672
92688
92704
92730
92771
92775
92777
92784
92804
92810
92820
92822
92828
92838
92848
92857
92865
92916
92922
92927
92934
92936
92954
92958
92972
92975
92979
93007
93008
93026
93040
93050
93055
93068
93080
93086
93087
93089
93097
93129
93130
93130
93149
93151
93171
93175
93176
93177
93202
93206
93208
93227
93244
93264
93269
93279
93296
93305
93314
93323
93333
93338
93341
93354
93377
93381
93394
93397
93409
93412
93421
93421
93422
93444
93451
93479
93483
93493
93496
93523
93530
93535
93544
93560
93567
93568
93575
93589
93593
93601
93609
93633
93642
93643
93644
93671
93676
93687
93702
93717
93752
93754
93772
93773
93776
93786
93787
93787
93799
93806
93814
93828
93846
93851
93854
93854
93866
93878
93920
93932
93933
93951
93965
93975
93981
94018
94062
94070
94081
94090
94099
94126
94138
94146
94146
94148
94152
94174
94208
94208
94216
94227
94249
94260
94271
94276
94286
94298
94307
94308
94321
94339
94343
94346
94351
94388
94389
94396
94406
94435
94437
94440
94446
94447
94447
94453
94459
94473
94477
94482
94490
94490
94492
94505
94529
94532
94538
94542
94546
94555
94556
94568
94574
94574
94578
94587
94588
94603
94607
94610
94627
94632
94645
94649
94658
94667
94674
94683
94692
94697
94699
94702
94712
94716
94716
94726
94733
94736
94738
94759
94759
94760
94764
94765
94767
94770
94774
94776
94780
94786
94789
94796
94822
94833
94835
94848
94856
94857
94897
94905
94927
94932
94938
94945
94955
94978
94984
94986
95006
95025
95043
95051
95056
95060
95063
95064
95080
95083
95084
95099
95099
95124
95139
95156
95164
95166
95166
95180
95189
95191
95196
95196
95213
95237
95239
95258
95262
95268
95274
95289
95297
95303
95304
95313
95333
95348
95350
95359
95361
95364
95389
95390
95404
95412
95436
95444
95458
95484
95503
95506
95509
95516
95519
95557
95568
95596
95634
95642
95643
95654
95666
95671
95672
95680
95696
95702
95720
95724
95744
95753
95761
95762
95773
95780
95787
95804
95806
95844
95845
95845
95846
95852
95861
95886
95893
95899
95931
95951
95959
95963
95973
95993
96007
96009
96018
96020
96024
96025
96030
96031
96050
96057
96070
96073
96093
96098
96102
96115
96117
96118
96123
96143
96156
96161
96165
96217
96252
96257
96265
96292
96303
96306
96307
96316
96331
96358
96360
96362
96363
96371
96372
96373
96387
96411
96412
96430
96433
96445
96465
96475
96497
96499
96502
96509
96515
96518
96534
96542
96542
96549
96560
96567
96587
96592
96604
96625
96641
96648
96652
96663
96679
96701
96702
96713
96726
96737
96765
96770
96771
96781
96783
96793
96846
96853
96863
96872
96873
96877
96882
96890
96900
96923
96927
96954
96974
96974
96976
96977
96985
96994
96996
97006
97037
97039
97041
97042
97087
97097
97098
97098
97099
97099
97104
97130
97147
97165
97176
97178
97178
97183
97199
97207
97219
97227
97232
97257
97263
97289
97318
97320
97335
97344
97357
97368
97368
97390
97391
97412
97413
97414
97416
97421
97441
97447
97447
97461
97472
97479
97485
97488
97502
97505
97508
97524
97565
97574
97581
97591
97595
97600
97602
97620
97638
97662
97665
97668
97668
97679
97688
97698
97705
97711
97721
97725
97734
97746
97757
97768
97782
97787
97787
97799
97818
97835
97886
97892
97894
97895
97903
97912
97917
97927
97944
97951
97983
97995
98009
98019
98025
98035
98056
98065
98071
98072
98095
98100
98104
98108
98113
98114
98138
98146
98150
98156
98166
98226
98251
98280
98285
98323
98325
98328
98339
98358
98391
98401
98411
98418
98422
98422
98475
98489
98491
98515
98517
98527
98540
98540
98578
98613
98615
98625
98626
98627
98634
98639
98642
98669
98679
98684
98717
98721
98731
98734
98741
98750
98752
98754
98757
98765
98765
98767
98777
98781
98793
98801
98809
98821
98823
98831
98845
98847
98871
98887
98889
98911
98913
98915
98941
98944
98952
98957
98971
98971
98973
98974
98980
99003
99019
99028
99035
99037
99056
99073
99076
99087
99095
99106
99106
99124
99135
99171
99173
99174
99177
99185
99199
99218
99226
99232
99235
99253
99257
99262
99263
99265
99266
99269
99275
99279
99283
99290
99306
99320
99336
99346
99360
99365
99373
99382
99438
99439
99453
99483
99493
99508
99511
99512
99524
99527
99528
99540
99553
99567
99570
99613
99619
99639
99641
99650
99665
99667
99679
99694
99696
99700
99706
99716
99735
99762
99776
99800
99802
99815
99817
99817
99833
99839
99844
99853
99870
99873
99878
99896
99911
99925
99935
99941
99948
99961
99979
