58142
93530
67664
17765
77297
61086
30317
47368
8200
14675
91385
88265
92229
32074
73725
77221
62974
30796
43918
3573
32626
34342
33014
82702
101
99106
58640
40772
40079
27571
49182
70632
22823
22834
65737
28932
19402
67602
68045
29361
2563
5098
20555
10862
72984
7443
11621
70177
99833
31844
91028
47228
58173
50274
97591
43746
18385
72860
77629
63043
99762
1180
72115
75256
95412
54837
74147
27948
67449
19613
82387
24853
26764
54655
99360
13455
21605
58445
88863
47042
83004
77915
93878
84137
3546
7860
48047
70372
41658
49608
5950
45162
87665
50338
35737
75739
28556
15404
83714
45370
2640
61196
69906
56756
70561
83151
41670
46714
61481
26317
11397
92704
67636
66844
88163
24474
95268
155
18317
55908
47173
38837
25927
64688
89124
28849
26422
52998
10816
33064
54035
76448
94610
88103
80097
3107
1983
19026
44570
59492
88434
88552
2502
5026
66632
6567
5527
31606
49674
92416
14022
9985
66729
47151
53724
24975
28242
98871
1840
24364
50079
83940
23772
5889
73698
38276
23913
13438
49956
42106
17593
87080
63009
52977
8272
61833
29538
29071
53324
60287
5764
87552
6806
31333
33828
19433
37438
29719
94146
4642
29390
94667
29383
40458
42675
55608
6075
1094
56420
16228
60753
43069
57116
15907
55785
9081
21960
45152
3701
79055
65200
33748
91199
56042
70298
16908
87123
17876
88342
1343
63238
79948
96515
52747
47598
63617
49530
60048
24245
74531
81461
45881
6470
65726
96996
80288
54457
78476
50845
51548
34872
57432
4361
14706
93752
60420
67460
77520
82713
54515
67265
72935
98517
11864
35659
49377
76875
3662
42962
55528
50660
18175
81735
9501
59757
29611
91151
68390
95237
56670
94603
81051
74901
68653
23481
66483
98627
81041
39571
64637
22653
58932
89206
75589
90848
38630
66984
7001
78640
98146
47559
88918
97508
18788
90389
93397
14924
37797
1637
37893
12625
27593
8745
30568
1300
20599
54000
9355
99174
53304
80610
20967
37707
15964
32217
2057
4166
20742
87387
54765
52409
21735
77384
53847
67091
21150
2820
77505
62951
25357
42195
79587
608
56816
50140
17434
19640
14521
53691
7112
40188
82931
59537
31321
32249
48864
90457
25454
15236
25580
29560
11680
94588
73146
13677
43091
53186
55464
19061
42838
13340
93333
30375
51965
74128
22166
41586
39613
72351
56115
15404
77826
10506
46199
55821
62096
81583
5937
24750
72397
83
82945
8481
699
85540
70552
43018
50284
93171
53798
13574
33546
91101
4057
32285
11917
82175
97042
42363
75904
51701
1999
32282
76161
5506
42624
23987
43489
68354
23997
19436
77317
44108
17265
85917
25661
58982
27139
76624
89507
88075
86301
24302
74638
33830
25523
99776
91152
66223
748
76095
52528
33260
13384
33763
64079
94780
64934
42612
13004
95845
42096
56197
41779
74343
38305
12967
64308
88477
65847
15206
80706
31387
15243
50580
55307
62578
16535
68289
32820
13467
53433
51468
99253
70128
52563
20550
80681
76167
41169
63422
5834
19014
45352
33574
70967
42680
95156
3503
91569
75789
98113
91047
71988
72757
93754
82880
93314
85299
74593
32493
97912
48198
14636
5727
46965
66305
17516
52629
36173
16447
19675
36825
20153
88838
12751
41508
91767
33389
76341
7449
16100
59983
3542
97782
55311
90681
33818
85746
58648
13858
69321
5335
98025
91420
61010
12345
89665
98823
63459
80201
39912
88966
72667
46777
70491
66926
25905
73177
39495
11629
42105
46002
641
48627
56397
72311
74261
94697
65982
82792
49331
66909
64440
43263
34726
63761
19446
73819
19892
87623
58233
8610
28380
38199
45061
35794
27722
17880
31840
971
10708
26673
48205
2249
71487
34518
31547
7735
67021
7322
20739
52393
6127
54056
26901
5256
52439
92730
38991
92507
44781
46399
39088
11384
26714
7777
22479
87131
15675
80338
64966
35089
15513
72019
53903
80062
83619
55029
51301
78019
58456
41030
26539
8320
50795
67819
79009
31798
84470
92857
18708
2774
7856
7131
18102
41284
45985
24307
10060
21550
43173
96625
34384
31048
56630
92221
98765
45379
57643
96115
78745
64522
54810
5415
55204
85779
68632
66518
42413
143
59147
8017
6716
27203
62170
1157
72008
52934
96057
50516
70938
18117
35794
26225
62045
76049
69321
58089
84844
28566
32875
4072
41821
13154
86121
11922
2564
26179
2654
75305
13125
83426
20155
16267
7830
94346
71202
3875
61907
64862
69544
50921
30620
89922
79824
55668
59102
44525
88374
13723
39871
56624
5
48147
77100
37749
38630
39556
88330
66508
46635
24093
74788
20972
7598
7812
58732
75277
29700
88323
45387
77837
17266
12708
23342
34634
31361
20724
27095
54254
62239
32989
66378
94148
92458
46640
94276
57756
33052
59766
56500
66703
46771
57709
56000
33911
25051
77885
5950
7613
50117
9492
98328
19419
44553
7480
1330
41874
69737
60251
13998
37138
62659
65386
88253
49773
5131
22355
35741
88924
5960
73077
72591
73493
67438
93412
7426
81337
2676
33947
34506
97944
50347
69141
47743
76343
94683
21649
33032
8671
21746
30187
25806
96567
51296
78032
23071
13449
81310
76486
37476
54674
16689
43913
61678
46926
30842
94716
76951
12093
74938
3313
46046
18462
57559
21342
27505
49030
38545
35833
79126
6218
50829
26761
14019
11158
65147
62763
32818
95643
97368
40031
89432
76764
65518
49096
22488
48436
75157
4823
59675
74409
87778
89453
57711
83260
36202
55445
30249
6247
45831
74032
33633
54008
80460
71396
89660
73892
65914
39330
73956
11484
13942
37451
75488
60280
78116
4195
96701
93341
19365
91469
27567
42552
81980
34688
29384
88562
12144
36454
91942
51862
49880
33801
45969
64454
40577
25247
41184
54623
37429
5952
34002
33740
25174
58678
77906
1125
67153
95064
89543
14560
44498
66829
95886
33450
48284
6738
80666
59950
21627
80154
1984
79970
50851
63092
39025
62188
36973
28810
26403
86993
53869
7860
99265
4647
96882
86594
48406
96587
44417
59054
57572
29418
357
16878
34297
26440
62067
1210
52954
22431
52518
11987
2904
86916
58296
40958
49480
86587
43705
24950
67881
9668
95951
6672
85650
27301
31840
58547
45558
68674
10561
97
32695
28651
84591
50654
65398
26518
3618
18873
3483
58547
99076
89433
82073
79332
67334
78109
16459
13711
32765
54125
49717
25027
77185
45168
54111
5718
58147
7053
7429
57952
76930
50091
20360
81732
54591
34328
49746
56215
95303
31355
28403
59567
50349
17093
5377
65721
73132
7186
38126
8625
39204
85364
12265
94099
95557
86195
46488
29904
96360
87002
49737
63071
31587
27142
15558
72099
24993
34010
51759
92060
13197
62252
43638
21352
32707
99911
76869
39383
89435
59745
3079
11611
95084
40399
8983
3218
27922
31420
75993
10002
62320
87511
11649
58727
85464
47570
94343
7280
88105
65395
88396
85122
35718
90347
27938
6107
8583
30613
47110
80383
26849
69073
2684
45352
79586
93409
4852
48952
31757
13861
23661
24419
69878
58346
48964
12311
63065
66393
65910
9133
42947
81717
82844
75193
83815
97318
43577
20871
37724
11803
99226
23143
15542
35414
71068
49584
60191
63674
37309
93177
34386
29656
17735
3250
94649
71360
78824
41648
11814
8181
19166
44472
61587
78472
77406
80808
99815
98114
93854
5505
77998
11367
32240
96098
90165
99218
1406
558
79250
68438
91838
57600
31316
17376
19647
76125
12250
78827
40125
78164
47744
59068
42436
4297
24644
71728
28599
66328
10487
16205
76918
71972
87276
30038
46745
48715
85214
17286
64754
37927
13678
97461
55664
4875
48588
20062
16222
48089
84704
1418
3763
40697
80378
40523
7958
27443
79293
73259
15515
80152
1441
26797
68026
22530
38105
30370
74089
88772
25273
25058
38237
16386
68390
46700
93130
63921
35310
77870
43805
78714
53663
55787
92477
83180
15232
6719
68418
79244
15738
90601
28909
77196
43143
91346
8279
45374
34661
78487
10513
40049
99173
34079
61912
88695
87626
17358
76698
40023
57796
51090
82818
98781
37026
94546
36910
76136
54179
71902
21567
10865
50803
13171
17791
28125
8534
62334
65858
23227
50216
63005
62342
8444
95519
33404
1264
93702
32379
2107
76250
86929
99073
24459
23533
58605
35728
8758
88103
95056
98100
89948
27325
2577
78039
6657
18299
89759
23116
22781
35194
38712
70932
82944
50088
3041
4600
54716
95083
73081
16573
50401
8858
5365
12311
9130
79499
38200
84714
74548
45067
96737
78334
38751
54249
31280
79020
10164
27395
91713
2954
3190
13421
22183
43319
98138
37276
28691
81337
36147
75632
67528
42185
75038
59825
28760
43893
9498
25766
3328
69013
2254
15884
99035
80447
1818
61258
6443
31604
70062
72097
50021
62293
16050
86917
19295
30915
52720
75030
96156
90511
45402
29069
23272
98913
54363
32939
99839
80712
86088
86175
45795
43367
28997
57860
75727
48447
17459
84542
5739
89348
70309
76792
39827
9571
68031
1368
65502
46653
57989
46849
91945
50933
44371
85470
55043
85327
63559
98793
4776
54603
26957
57139
78008
84758
96509
78862
57278
16476
70081
35084
71356
13995
20598
17235
67681
61048
32889
95166
46105
95361
7830
49710
3234
60133
93279
17057
3130
33325
65898
54402
46310
5268
85417
79832
93806
69773
96604
36659
49186
23380
52912
43229
33882
90321
43558
31752
17630
32677
4258
35877
47205
30951
72327
19235
6345
50000
39827
75985
25005
72994
62417
87360
79620
7906
88519
64392
4363
60531
83404
67284
27231
35220
59623
90654
77135
95458
99528
86394
74996
21774
91901
39230
53530
94152
1458
54004
46954
6797
77920
94440
37778
70186
2767
57796
86536
58302
29217
59620
68808
71744
80347
54899
11142
7839
4843
98765
96726
41401
75308
83240
82209
35664
59651
36755
77796
23799
61896
55795
96641
93040
3701
9169
36559
32222
64544
36486
70658
65412
84265
2489
84496
59434
15082
47138
61856
7026
31258
99870
21981
58903
34078
91919
47304
46231
76686
14116
12801
64398
96954
59052
17889
51557
73777
25586
36806
62422
66146
24622
29406
26796
37351
39014
67750
63340
80314
29237
36606
88756
7294
62228
79758
44998
79076
90690
12566
5898
41186
66805
21551
58866
92828
89860
57338
19616
65065
40317
15009
61995
88376
97688
51589
34522
26098
95696
97995
18894
56388
72245
17113
24322
827
94286
5603
7534
66042
71571
84965
18365
42900
45301
57117
42031
19817
12121
98915
3626
228
19522
36672
31763
48388
44857
21285
40419
10665
40298
84137
99511
29198
45512
89765
49356
73106
9657
15328
42187
73070
99177
53307
45493
46100
7289
95993
15740
52676
55504
97344
39645
7411
61606
28607
69744
68050
52800
18294
58482
71090
32795
97620
15617
5215
42248
69893
66835
83003
19771
24351
37532
61341
78120
63689
24649
96976
90476
50655
9015
68197
86240
59610
73964
48234
99639
11288
62818
74275
22906
81530
30974
24692
94632
39460
47054
69331
65245
47784
98957
92094
70623
15468
94726
45467
63953
48723
4510
28107
83634
87252
86844
53719
98540
25774
85808
8566
73126
26996
42319
41845
45528
49808
99171
26302
44126
37459
12294
11401
76037
17770
77780
3258
28181
26793
9518
17300
35946
84123
79729
51357
61932
83792
492
81213
61361
71210
20296
99878
55966
13527
81274
44917
76433
66516
40759
66926
30300
54660
37026
35170
33849
44531
37045
56580
91068
68053
10364
94856
68067
89977
93786
39395
26724
16970
30366
76500
26618
86958
24038
10927
31887
99524
86939
79710
39498
15917
18381
52683
35356
43080
70504
10112
13326
56049
51017
89482
6090
93544
17251
36512
53064
32696
73286
20662
65802
45027
73803
8909
77577
29087
25462
86372
65732
87463
8372
7310
42669
58220
88900
77915
6337
61240
20431
65084
16330
55391
21397
14969
22778
48638
84247
34877
46267
75060
97734
48162
81060
45327
11703
2057
24411
54544
78127
61951
88114
66190
88496
81254
75066
4777
63193
78206
72668
4028
72250
44579
54704
83272
67572
8778
61200
58733
35080
26798
64076
56197
18408
48609
80696
77231
83130
53479
70154
12499
85770
30329
82469
45951
10492
76828
66415
85355
7047
80012
24874
22776
89049
94447
24302
60807
77949
10786
5084
45100
47719
42519
83455
73291
99679
60540
25610
87051
75835
4077
97818
24106
78393
25367
93086
97447
57639
11997
39075
46345
10867
50591
56075
46900
5518
14785
86546
72615
44991
89391
17155
10481
80619
96994
90919
74763
38965
73810
1971
4653
7988
33813
30306
46009
14072
41669
70803
10118
66323
31366
61859
62592
56588
85934
14286
64929
86619
27329
90737
65244
70884
31691
19891
40395
11093
26470
18691
94833
15813
34986
23633
4796
5828
18588
2342
26958
76804
60460
50728
76470
81151
78667
89529
85312
65292
40074
72604
6634
44246
66538
81024
60512
50278
1834
22215
3269
75135
14498
69201
61715
30330
65481
38945
68740
92164
7007
96872
88550
58779
37449
30458
77524
67673
6966
20625
37103
8149
21003
97099
59356
57127
92533
9582
12148
26270
41163
63782
35595
63153
50356
88735
32939
69107
72564
3566
75272
18963
40629
36369
85872
8500
10027
93814
28952
95761
10288
90024
93493
51134
83985
205
86387
13735
3168
97698
70454
35408
15785
22491
36353
45953
78749
18305
42425
60422
11111
66301
58185
37089
46128
20771
97472
92099
32156
21324
54048
76771
77317
68535
30463
90145
73440
46416
37215
49081
49480
86492
70878
46613
41670
40624
75576
58835
71573
49081
57524
351
34208
78050
52883
16307
40624
90221
36045
57649
48215
4018
76452
88404
13787
76230
22269
27763
85068
33061
82442
34980
25591
95963
23170
14213
39451
37219
13786
66689
37859
44347
53667
1811
82565
43289
43365
77062
29176
9753
31242
96331
97725
5355
47939
73546
56867
54245
48592
62664
35621
19768
36236
27144
69929
10631
38145
92082
43067
28005
62711
26019
46661
89343
32706
79678
3693
69265
25425
62637
16258
37838
9123
90768
71556
94321
96070
98971
39553
53567
63740
65998
87225
59600
10735
95051
70079
87817
18819
48567
32444
68008
46033
79675
96770
53698
17156
89480
76831
75249
46012
15210
51290
48922
97665
80999
8482
91316
99438
97595
52924
89584
75410
51850
26822
68091
13752
64448
96020
75389
50946
1057
43154
14276
60200
72834
39814
49854
57804
96549
60484
2678
79504
27524
15434
66242
7310
25226
2280
19278
24180
96358
67302
4716
13544
66976
34477
68805
34812
38233
41983
2570
66985
30499
29207
73777
77394
43622
51786
82976
96118
50941
24673
57574
15288
43638
96927
31686
18329
99716
31546
24562
91351
41976
33226
52311
83595
35129
69119
54543
8489
33775
3461
48251
52987
66154
30176
85736
68607
46781
89566
25491
36922
67779
81108
58823
51153
32999
93932
35048
99028
97505
31048
79741
44944
98821
12409
40972
46261
8467
25480
33235
26749
13115
56668
33020
91781
24536
9280
7430
85656
14736
50247
11511
20164
58615
84976
67688
13569
69035
57146
30208
89749
65457
26303
25700
14697
71684
98156
46132
72485
9445
9450
9497
18567
39813
46646
96853
20796
56743
23028
74348
90284
44805
11182
674
83877
16327
46294
12600
83285
67358
49040
55424
36930
78542
47551
66125
33877
74953
89984
25047
19109
22602
54959
86418
87718
19369
20751
85420
20687
35162
54172
76516
30417
22929
91534
96977
4807
20860
49583
51984
48124
88207
41071
35014
89147
21113
76808
78388
22273
6220
29298
46859
15222
39106
78964
5094
37018
45764
52742
44828
2376
31049
38915
35595
96030
12645
25559
41907
95213
67494
73508
66231
55371
18266
23181
96430
72763
20883
17949
32915
2819
53103
32614
2564
24668
71351
73572
51262
33884
99266
68568
48301
96877
52209
46907
93575
93609
2523
24149
73766
19142
15367
85048
25011
21239
28303
34589
22712
32815
24489
73958
8238
1510
16776
66519
56445
82064
11408
90408
56116
21310
42923
31749
10337
36302
6345
28940
65644
86642
63265
80017
74416
54288
66146
74174
14970
2141
49697
30345
67540
7792
50712
15060
36878
24808
18179
70507
19700
33587
91809
67848
14543
46573
46608
92306
73562
91486
54136
90733
21961
8896
24814
89550
81057
16070
88051
49509
30488
89003
96073
77483
25643
88213
91292
56603
12864
1730
9286
93208
22180
97447
12774
70879
21324
14746
38200
80486
82766
19905
19546
75572
1068
99896
95634
18282
95025
3473
85789
4840
74524
52328
79704
25825
28315
1340
7275
37331
49743
38419
30289
32370
66808
68925
5081
39728
54097
76145
1010
48548
3441
21556
74119
93087
50854
38199
9016
80005
75597
84893
89419
92177
75844
72563
10413
49519
86792
35190
94249
49814
50991
91560
85092
91989
21958
70204
37895
79406
65313
15134
91039
5249
40411
65646
18344
39241
65743
7592
59408
26822
28113
3139
44336
50618
62527
16767
8169
29595
46942
79494
52140
34209
95043
18382
37971
57000
79242
99802
19278
75850
22727
32399
75378
75223
82424
4185
87411
27762
85207
19372
75414
10935
2251
32769
59509
88010
95596
82515
16943
55048
58063
74582
18359
43317
58794
67871
57730
49752
98750
6668
86066
39166
21101
9567
26265
89069
14261
11789
73500
86824
63932
23379
24928
49417
9056
398
61677
35408
99124
33626
28378
44009
26647
31165
87276
55047
76961
67131
14480
98071
57413
4054
48383
76344
82792
59270
38666
84181
85100
59831
92632
85444
11022
28674
19061
79863
77035
68158
99613
32860
66474
46639
43461
48525
97668
39638
67115
25430
35221
40067
95239
53106
64205
99696
96502
1146
7946
34579
35312
58293
86654
92606
55865
35674
76204
84999
33585
65663
81104
65406
81461
11339
50300
62589
70147
77482
46399
83211
55936
63914
72626
60707
12458
40642
25340
75971
5325
9270
77744
54589
98251
84769
26048
29339
55426
84891
78449
28288
59765
77298
79107
54983
87885
62355
63544
74129
63122
87351
35370
7274
54443
78311
79890
46351
30845
53966
89158
89675
96093
16255
15822
42002
5481
55538
80633
21493
87602
10095
19004
71373
19052
34915
59275
60148
64356
82839
78453
41144
74045
66653
72556
44350
35021
44076
9665
24308
10412
32244
48185
49793
48349
96123
77789
76600
75589
91076
33908
72166
5090
90913
90633
11834
65937
67594
44130
85337
85564
64706
9746
67459
55315
94674
12944
89745
82283
36622
18222
19071
24542
34295
24484
94905
89283
44664
89556
29304
83301
23700
69238
37469
19375
90474
19152
33707
32490
64547
90615
83893
44653
21839
25934
88168
91096
31465
34644
43099
17583
5809
12662
53813
68926
81606
14878
68583
80035
66466
97721
39493
19296
50234
25645
69788
55515
51001
48674
43265
5214
4891
62089
30313
1197
62109
23904
57501
27323
53291
90233
74040
3710
56075
43274
81100
23543
53412
58154
73329
6899
78569
81815
62248
79906
29252
41621
31878
91238
51970
97391
41516
20451
62491
94986
44381
52821
12220
22202
52457
70110
73338
90574
91432
72689
81126
14870
86376
82635
72654
46453
42064
87599
33063
70664
71757
74061
60009
48760
55340
14110
73746
66256
36589
15472
49293
26762
90309
95164
24694
70614
28349
56930
82641
59499
54265
47296
94505
27914
2079
25789
66864
59640
12200
13704
12991
20023
30274
40405
44678
41742
54063
3664
3257
25029
23663
77702
2410
88830
3667
38847
37838
55958
62819
62302
79130
65327
79867
85054
87908
58089
57965
33912
56153
6288
52253
52197
70566
86995
27034
26629
68651
98615
33269
11036
524
77485
18884
28010
64575
27336
77854
20517
31548
49650
57861
25738
97799
26480
62072
75001
47785
69519
23739
79437
75314
28080
85733
15432
69302
54535
36352
68859
43502
91830
67916
64733
95484
42455
18023
78154
94774
86541
69471
61388
92147
42288
66065
26937
51611
41820
86534
99382
66975
63039
89038
85367
69354
40084
10928
14928
46745
76358
74834
10844
15829
53038
9223
20098
54582
15576
59446
28979
57490
13297
92507
49638
2970
59053
60711
67842
40473
7271
78009
58958
25590
69249
88186
98887
51592
58848
87638
37723
8068
67341
99570
31911
4723
31649
1013
41073
66694
25098
3469
11148
10094
34985
29251
78313
17750
36685
72019
77061
17277
10692
89558
94388
15184
35475
13369
54797
46836
98634
46113
8470
51609
47706
17043
83545
34004
57621
25551
43357
33398
84857
21998
28591
67766
75522
76850
67219
70541
53428
53173
48035
34891
12836
38316
55322
32741
42098
24276
13681
38214
82874
69552
14596
51456
44500
90462
54801
95436
28530
42794
52145
65362
82059
46662
97104
44744
17206
84881
29808
85398
36661
6780
83421
6260
79457
97903
62643
71160
21101
13396
80831
44837
33292
68962
20026
70862
40532
24380
19343
20653
78583
85732
75641
27467
88138
38617
2870
61992
61880
74389
43736
22270
23744
96307
88074
25807
23299
75718
45030
59223
90523
2148
48970
78041
79623
15263
47578
37061
7818
17493
2652
91242
72190
46316
61915
12310
32819
86204
20663
12487
86490
53409
9716
47414
73486
317
38064
42848
54525
86973
75052
98009
85118
69386
97581
4624
52563
89893
67863
84566
61225
83771
52824
86352
73777
76808
39979
72207
55609
41370
13404
59173
43146
73016
87208
94786
76459
83913
32583
93394
78873
47533
38411
98684
31906
8917
32216
70617
2364
28301
87644
68998
78362
57127
33370
29116
90589
38463
64555
61397
29001
63468
55471
45996
83552
77214
58403
5472
43058
22658
23037
13298
1078
25614
65321
85887
79042
58290
65597
21891
16821
8798
68750
77583
65524
54355
8931
39728
95509
64709
89514
47582
7838
51498
16898
57247
94208
51446
92954
7714
77182
80942
4861
97335
33085
22091
34189
720
73204
44542
39448
38588
84710
23762
99667
53563
61406
35779
16111
37649
94307
59516
1277
67947
26840
2474
49859
31725
55399
83272
89977
6322
36717
82079
70378
39303
46099
18326
74454
8042
16289
57352
85520
23967
85580
43225
63486
68077
5231
21352
58420
99037
28974
30756
97414
38239
7286
46263
90924
71125
56991
74442
4604
969
2326
40264
12947
62002
97895
16933
44447
55730
42787
61181
8817
36082
23306
67733
81865
49916
26837
33071
37807
84017
90269
67178
71385
1609
57789
9666
39087
3012
28262
69472
87765
78594
52703
27250
60406
45058
82736
26291
91478
24202
61661
34864
50461
30228
76184
54844
32585
37214
36569
77260
42796
96863
81910
76089
64914
26381
91506
53901
74742
8732
64970
1891
22706
85867
9749
17117
22028
36714
75843
40430
59036
16251
61029
24180
16532
14419
87755
9821
99925
44078
75337
53494
74182
37047
20966
38452
93089
56358
96018
26839
31200
32198
54470
27177
37786
38281
41599
98108
88188
30589
75422
94574
98019
54511
80555
28
90572
4198
56163
5890
95289
48690
39410
18679
93050
83283
60752
12988
59026
12684
45554
67227
90533
48137
45083
57352
58508
55864
85422
55134
55840
72343
3788
97368
43266
10762
48411
81310
5655
23969
84944
1589
34727
28389
66421
99483
63384
85645
79858
29720
36366
42099
56560
58805
89073
17946
77338
70014
84416
98475
90063
62510
25060
37507
47038
42402
610
8880
18952
8748
48760
47075
19586
52340
53134
1818
38624
84491
24299
36599
30874
95806
21453
32702
3307
65702
38950
98150
26499
48609
50783
62761
19165
45495
99817
10296
81084
1563
16174
66812
10734
35766
28630
78204
45936
44549
39029
60363
57822
65240
82628
62784
24235
28248
66257
58282
61480
10681
35076
28706
30115
74069
39716
10172
18740
31642
58254
44628
88787
38440
31954
92402
12444
10842
6847
70755
59056
53161
93787
32060
74313
9835
66927
87445
8537
93776
28293
11457
22750
92820
78649
50622
62151
87494
56602
13598
33381
19551
96781
23694
83420
33222
2579
39689
17078
30867
56046
92546
13549
64950
94738
76029
2021
86110
81897
81486
19442
97638
39310
92848
35789
70936
54122
77556
55067
50617
243
30005
24485
13495
26609
99135
46437
49593
25526
61476
69570
99961
64404
84311
58155
64281
33045
55093
98973
36727
59412
83719
10337
64355
96846
8833
7433
75003
62934
91634
80848
57230
49216
45759
25296
2379
57081
53216
63863
75837
86871
17206
30969
62629
37145
15886
75387
37739
86751
2950
16756
21593
9038
98757
1417
44089
56545
59977
64602
77488
17783
98422
23036
43367
93676
46197
83038
23636
99257
41444
37300
31321
8788
67301
19309
45971
49574
53189
57561
21463
71537
70851
79603
4127
41069
81665
81825
28120
28565
49494
33655
38267
19668
64798
80977
40303
46001
12355
60177
12398
83160
1978
76277
52339
36112
63433
63440
80043
86191
21588
1426
43840
88364
52502
62423
44186
18094
46796
18201
50844
51831
21490
42099
95313
13175
170
77994
73689
44327
80103
27750
55781
71611
31599
61925
39026
98540
83407
36484
21901
10471
34002
34853
84837
95060
83128
60457
62233
96303
66047
78030
92126
69753
68814
35717
74916
23160
9729
53986
71966
78760
47034
81708
93305
39245
62766
323
42048
28184
85677
47657
60021
98056
36241
88347
62556
10335
78795
90626
8136
81046
55518
16195
26841
92050
86110
42894
26006
88772
88849
10767
69694
69456
52968
75439
11083
73524
51723
91325
12404
28754
90356
69180
90067
43395
35236
50252
29214
48638
56826
68421
68575
81557
96783
38751
52223
98339
66918
25077
6634
60409
36652
6078
27828
36034
82919
8535
6467
20586
27492
10209
73014
39178
18157
30147
96292
71658
52408
87699
81911
93773
1180
78366
95773
12322
98767
87361
22783
49631
54949
2963
15721
76526
21155
29039
98639
35106
92461
27010
32524
98391
93687
6957
1100
44694
21963
82135
38297
25128
47718
71895
40552
31617
37894
34169
65701
90056
4084
80191
46577
30829
33452
17207
92189
835
11714
98418
22789
45476
57195
13444
9439
53956
86082
20051
80069
53373
14538
27114
78448
67758
35668
61479
70577
33677
89904
28020
40461
33433
54112
99650
60899
58469
16994
6990
6466
11561
94437
24907
46418
64960
70443
5774
15395
77060
41503
45644
66032
77749
7132
94260
19665
26529
58918
97037
55474
18758
61892
61097
35084
15486
19625
4910
79211
18964
18756
75641
83670
47774
21366
7881
76653
52821
27428
21180
50558
73922
27452
84607
66130
3093
49892
16787
29201
55262
92464
12556
68438
39612
46312
86974
48698
33389
16175
4518
71771
70135
59988
82760
88601
97357
71582
84643
8333
99800
37382
41083
44046
94765
31170
13701
66418
83973
79034
38683
6850
69753
85723
69358
57001
95390
67588
53580
95846
24782
26842
69664
47547
32594
9513
19700
19341
68272
30992
10292
60153
10478
79861
94568
1593
55521
19358
33465
29400
18942
44210
89194
76847
48795
58036
38038
47717
45221
6161
76458
81913
24455
7841
17383
24714
94578
65431
11079
94759
18495
59907
22516
55970
61473
30231
7603
71013
39542
84448
36713
39269
28854
75660
15458
22194
27730
11735
99087
75493
70062
96252
19135
11066
22456
57620
56343
91416
61736
62229
38580
42536
23328
23716
63040
58388
16921
30956
83723
11425
78992
27615
55583
37553
82868
59570
40980
74236
11255
75445
55209
71
92672
28816
74614
78852
90189
51069
66810
15869
19312
435
20336
38842
34095
98845
23984
58442
39312
50337
25537
85076
62173
1961
12765
72084
39452
26863
22085
84344
39260
54603
50079
22832
15719
86530
5776
91566
48766
72215
88074
4743
89401
58172
26489
17258
83289
29183
86215
35295
38592
9066
46280
60590
15881
33398
15842
37620
36579
69953
52147
99540
90524
24915
58881
12955
86419
81063
47807
38428
41800
20189
30349
6179
91914
68451
4800
63522
67815
49046
94482
90108
86197
46674
28345
14119
1421
74235
51703
75025
76050
11761
62882
79541
93444
30827
64652
52577
8252
95861
83033
92822
52047
80832
67046
56349
44072
30697
8179
84778
91731
52138
78697
5125
82572
25975
1974
65177
95063
24977
49926
24103
55582
2338
92221
96890
99185
51930
69432
30290
94897
65297
54768
99365
62283
57648
55640
29572
79752
30844
94473
6746
76215
19725
44757
60850
54618
29852
79894
18216
55918
12741
3825
17367
81616
98285
79929
22644
51089
1061
59397
85646
337
31402
40043
93130
90350
89759
59141
75120
50079
28732
12674
76709
19206
58417
33180
63887
14320
54945
86302
92107
69503
48080
47651
5154
10856
76391
27136
74165
95804
42562
65997
4200
62387
17077
27778
21838
87058
6350
28573
74408
6921
55052
17741
94138
95404
24277
78428
39470
78150
89452
93568
16084
5245
86991
77498
99346
4973
70322
33644
65102
92332
54659
72882
45538
47351
69376
85252
96161
43779
99373
56168
50899
13815
94945
59632
68583
737
71119
57833
35244
84373
97263
55200
5582
69701
1931
94984
88408
76807
92013
97178
65531
72930
87903
27405
63908
26562
42004
84727
38388
51350
55866
15700
49735
96771
89289
38743
32926
84220
90165
63258
77589
54037
94767
8497
79207
15963
78941
1399
20898
29383
53764
89267
60982
68115
80233
45038
291
40426
65771
3053
39236
29100
27018
93567
61011
13597
68333
72338
52207
92091
50591
98831
29559
38048
35822
83342
93175
33840
92972
2133
5020
42786
61402
32687
99694
53464
37610
10840
45767
85103
23998
37188
10312
47797
27725
97232
64608
44805
17159
96445
49396
59266
6811
79743
94453
97207
40598
87002
42246
43749
4764
94459
43244
88402
34354
69760
17813
17312
55275
93965
38301
17820
1318
40295
52385
29633
87662
5616
26270
60544
48843
40124
21575
41507
37685
37464
29908
95124
1074
44508
35462
61464
57997
94574
27610
56311
16997
14606
46665
34270
42785
60326
67834
16753
60298
86296
98527
15115
17655
33213
68920
1333
22743
75139
25446
3237
7754
78620
28887
67187
87258
49581
63943
70377
53475
29098
41474
22643
84152
33097
68361
87244
95893
49027
34962
66956
5704
29857
90149
22717
26073
84105
29568
33129
71036
56039
57543
31834
84618
74539
11817
29159
43621
12386
26384
21683
730
41007
134
52360
12471
15183
59188
23945
47739
82201
35648
84969
8302
8083
43731
54268
35142
38111
65946
98095
69426
78613
22376
27692
86944
30547
57181
27006
37093
76141
5625
5881
4594
20105
20428
12220
64538
53685
55333
87081
4033
34908
41656
76386
53973
94759
36728
37311
65326
60171
51297
51294
63471
38160
18743
17311
36065
19807
58011
31959
91862
9563
23949
95359
49152
73320
9914
69755
40139
43990
46184
18495
2892
61496
12867
80862
61402
10302
55509
5072
41742
39558
16755
42208
25604
44811
24127
70384
21375
53526
97165
56390
94081
26442
10118
45516
25007
45026
79263
48912
87236
28543
89359
10724
11891
85831
68982
62740
39424
77499
71500
14085
7645
68711
82754
60013
67634
52207
96534
3048
88852
59502
42018
70556
518
89010
29579
84902
41753
33675
86021
31960
81783
74378
50359
23141
65343
29148
63270
90553
25726
25200
7923
71393
43394
38744
48021
52570
70187
51201
6289
2274
88609
5044
10185
4351
97320
3605
35331
70330
4142
37967
41424
802
98491
84332
5909
19899
77709
3532
43066
19671
91780
65630
24210
12102
64423
86779
61043
2563
8419
37111
87566
9703
40504
89913
26507
16660
33338
64851
81178
22930
62906
91048
1156
46476
93008
99979
82219
9753
18138
45259
71752
6126
12710
95166
96475
98777
23608
28411
72464
93176
51651
73993
7642
26898
91338
35029
73416
3577
32805
55633
59127
30730
63515
8396
89205
51056
10832
8697
90161
25661
57719
80269
74230
90308
50614
86120
51499
52845
50632
48960
36397
89641
51939
30330
18082
62074
72546
29520
47843
1486
7038
13669
87887
31508
39359
52260
96713
2459
74618
12673
82763
96387
87290
16093
70164
23652
34702
92979
59791
84960
44444
81388
74276
18825
85207
50191
25398
98801
92936
46214
38168
17832
20852
68318
90297
57170
52247
94978
66579
94955
36598
71932
80739
5876
41980
82987
96217
30647
90465
39756
43159
9812
53504
17882
14494
63940
9924
95180
72023
18172
26492
78112
30318
35679
52416
9268
28563
90807
68322
47629
2722
35612
37579
32644
25044
76078
22842
67605
27105
62927
19669
3861
24584
77949
67962
69564
69796
99735
1779
94298
58044
2635
18935
66626
68071
46642
27137
69286
51249
77938
17178
60893
50589
21713
30353
27079
13368
69247
49318
24325
5802
46184
86480
32655
87249
40693
1228
82337
13988
3080
89806
53309
14836
38800
74324
69584
25877
78441
52386
52954
74022
88231
71924
19606
68736
56294
72223
29688
38166
25611
75657
28116
44027
32657
92279
92771
49057
97679
37160
3440
68214
7227
62488
36812
43153
30492
29029
40111
66387
63842
55576
44793
49910
46938
18780
46342
47219
48852
73065
72355
13964
3230
4891
92784
59106
79629
53717
83943
17924
28998
14609
44072
64360
22193
31936
64966
94208
84461
80903
62569
38649
59395
48547
2018
43232
95304
58564
65165
8757
88530
15607
1085
43175
8868
86852
31772
53561
89100
65149
22597
45114
55502
11997
91124
15689
24054
52315
91051
58383
42039
12088
14415
20462
52765
51825
95666
84071
52438
42459
81302
50609
45091
61301
89010
55565
67894
21232
53277
96923
6413
67955
86413
34953
26994
1974
87654
12420
49271
85711
16790
78296
76225
91927
83128
99817
51242
62547
16136
97711
41127
40797
36589
69218
52441
28263
19554
20848
62936
67864
89883
25909
53531
32990
22767
2637
60164
51362
87124
86634
3899
25404
49674
59763
26037
62700
61901
77865
55063
88147
16076
15465
95787
79890
64817
31979
15103
50911
16733
36411
89663
42090
6447
69177
71558
68070
94702
17207
62172
42245
77074
93951
10383
96257
24324
89271
1243
9552
44962
48298
29490
57744
16067
40260
50622
44196
19288
50569
44900
26714
66134
54289
43685
73050
37777
7997
65198
87770
70560
27366
34847
33890
68229
73358
27881
20387
46982
15491
24390
43936
88927
99665
18061
61576
63730
63195
54740
87101
21745
93451
83967
76162
67057
75943
42360
69167
11618
17390
33790
16086
24872
87069
47779
21576
62769
43920
78689
49805
82919
89125
36267
1252
18739
97413
93828
25224
68284
83155
22014
32486
83018
29771
71028
83771
92865
26373
92838
76581
36316
71226
70656
46262
68012
57364
31560
72808
89774
66831
13861
58348
37800
3247
21215
10662
85988
52482
21776
20237
97006
62313
47897
33398
53985
14819
5203
45254
6644
55619
22905
22498
5845
13093
34395
62125
18438
64842
43622
53058
36818
14310
6499
35728
78231
50263
72945
74701
28151
80873
9601
66499
60375
59230
57863
53846
33046
92191
72147
68733
85471
55823
70736
44766
94627
2013
4494
4484
9491
35546
99283
53992
22134
56496
34947
63364
60712
52433
94492
31306
74472
64567
52774
34458
36991
29518
31802
16458
91589
84372
51973
41870
49691
31198
99232
8119
39200
93483
32282
74863
46448
73237
88310
65305
35938
30808
90396
46457
69490
55719
21787
13134
73081
20288
11947
7796
46327
42147
49743
45220
2514
10601
40445
54286
79539
50721
23859
27486
64285
39402
56509
84165
44201
94796
42889
53576
1266
39011
84153
80092
44691
89510
91657
1005
28601
7842
74255
39780
89183
12176
22756
36519
96102
95568
38543
40608
60636
73078
50030
43549
75489
21078
16142
8231
65958
71907
60012
21500
37
47383
68465
77611
53845
45604
37264
64086
7314
31674
52042
49300
60008
59415
56182
82910
84565
38504
72316
33973
42462
13549
35794
9809
17492
38525
91038
41744
64044
45770
93097
53818
26687
24272
29606
60517
17602
25775
38429
18553
32843
33940
7100
99019
97746
86408
19817
17326
45486
80348
86366
58500
96316
25449
36779
82282
79359
93227
72730
88502
54875
73540
60528
34074
50788
21087
62527
88876
16021
95080
97130
15744
57426
48197
7093
10585
81615
77559
24831
89277
87338
16039
37049
36987
8525
62152
73664
18244
54256
40269
29431
42651
7084
89750
79994
25674
68972
9526
3261
10280
65961
90335
46705
88123
28295
77867
76409
99336
7362
72790
81919
86906
76219
51908
74435
52599
42823
56460
38865
15786
45842
93846
62754
8749
44329
68872
40158
27202
38724
30174
70876
13897
17090
88303
57000
70930
24265
59846
65494
18049
30226
48445
6247
55480
33286
79526
23742
73323
58148
63665
1691
2086
9595
73445
65110
69608
11748
23783
59846
35518
37402
7848
14498
18931
36952
30045
41438
33912
50383
8939
14480
51333
38140
87981
81729
39066
20895
73832
16777
24958
13119
93787
69015
9909
11745
53317
20587
49505
63525
67793
6590
58928
90426
39276
94658
64926
36291
45027
32878
59031
80883
91059
20700
12135
48251
77134
36780
89272
24722
47797
20135
2299
88068
43379
65165
45548
48145
95899
77326
69265
87107
94339
53286
82221
2077
22784
13938
53133
49979
18375
66631
61781
50784
61492
4414
62027
21869
39028
81035
49135
84988
36513
68629
17526
53204
7453
70422
77608
8365
19554
40052
67301
31047
23664
99275
87464
19808
24628
84577
98731
37694
23910
41086
97927
86970
11201
35214
18522
56656
59785
31297
83824
41714
3447
87715
69817
26494
31419
33795
95297
19987
68768
48345
62794
83410
676
98980
48084
54624
96050
16
79162
50828
15416
6139
3939
41257
43850
11197
33529
35802
13450
7904
6611
36273
8627
54572
47130
21804
95139
563
18657
97390
27597
57246
79067
98721
86147
72880
67665
61382
61593
7031
60449
3973
13585
41698
90954
2114
22894
27584
29385
46990
72910
58223
75515
46306
71347
81360
42293
37542
47848
70551
76396
95724
66196
3778
80672
63309
3919
9163
88961
58942
92403
48588
68483
93920
40761
8428
73947
17358
65826
59756
64538
48869
48169
56878
82623
24941
80138
88034
4283
82076
49416
56980
22228
70044
1207
24198
15452
60618
39466
93007
29829
63119
60813
77707
58664
40928
20785
35988
77692
37447
66080
26655
2146
7711
47674
87865
72079
72636
95931
40506
19127
53343
60564
70470
31184
33986
41371
31596
10490
32399
63492
4468
27071
27261
64309
10005
35140
54678
21512
13388
74234
76601
65180
47584
2763
50598
11491
16922
47195
61601
35790
92810
1014
58457
14496
29687
61964
35671
4423
72536
65041
68078
38929
59941
98974
72573
29846
1041
22386
52811
12724
79421
76623
19082
53547
12447
58325
1093
21946
22068
5971
49435
27202
60216
57317
43807
73952
11755
36476
31641
61333
2315
89773
9399
76497
47146
55817
37277
89414
22317
77246
84201
33165
70662
96025
17093
5957
25788
75665
44052
46897
39411
41222
39259
76845
26775
30462
20201
88441
63392
22365
45871
50031
4606
96900
65778
38694
15871
76615
60594
20513
32671
22923
5069
5493
78198
5263
48247
30804
73508
11725
97892
1874
26732
82560
90968
16892
15636
31019
14820
87271
39704
56752
46089
85617
11564
97178
70862
40895
97565
86752
12148
14314
95845
22528
44389
31797
4236
30726
12162
12913
81421
38083
73789
44695
49465
95364
79751
49347
55093
58289
32006
12022
4628
73028
40242
74895
42804
18099
67830
13964
60118
11719
35597
31371
89527
44864
74386
24479
73489
56742
42900
74486
88732
28950
10
2534
75516
29187
54315
24515
4806
32042
6326
61416
30357
53409
45142
68427
90382
67501
56751
67132
80379
49768
23885
40944
44798
84746
27561
58887
34312
82378
39270
71775
53029
4339
55560
24262
97951
8611
48733
51375
1410
49657
46838
88758
14753
77800
11372
16873
75739
23650
63764
75530
26413
92265
10720
70317
49367
9247
63403
78408
63340
94070
60816
63466
53784
29648
68605
78605
57616
31055
59006
45840
95503
16016
14908
3518
491
77969
82069
80415
6149
79384
12313
19697
38429
2475
29414
65767
84424
74081
86350
15570
67817
44535
13668
34660
82448
50954
78955
54935
67974
67113
81822
43424
26371
36657
65771
49663
39670
44675
4030
98411
59045
88734
72863
90788
439
42268
56944
40423
14586
85139
37348
14248
55574
84054
71543
20143
91701
32296
25581
35985
51457
9454
42266
12090
73568
45501
78125
98754
68555
49239
3219
75234
83013
95333
20032
65355
82036
14141
17691
45201
63943
61337
84442
76321
28008
21377
19384
49395
59779
30711
57411
10103
32850
55190
37519
53103
15330
64298
78678
9436
10840
18630
19475
10005
40406
30828
57389
84770
31558
70704
12836
48090
7385
84237
32794
64129
89335
64384
85002
38929
42465
40288
7336
13723
1227
48335
32932
92591
84795
11166
15819
98401
96518
63427
71462
75384
60762
92927
24249
97524
43275
38573
88761
7184
59031
243
46078
91569
65631
62398
75811
58469
925
17410
69503
44379
11959
23073
62523
34025
86559
42900
15280
66173
81086
10761
9774
17002
65791
67484
25238
57330
81309
35114
81334
39716
7996
3752
81282
7520
79851
2183
8223
24116
61628
8389
50592
50616
39266
45599
3389
9332
74957
50574
38744
31770
15155
67016
56355
20511
86341
74503
37701
20521
18957
62189
38011
53449
69270
20306
83266
88956
93479
6808
40334
96765
8888
6377
74032
57903
14713
80806
58745
53527
5687
81080
11548
86400
79399
1105
87232
840
21554
26648
77476
45465
68642
92916
82292
82044
58105
69403
87863
28622
16156
51425
85589
47638
87695
47230
54506
79531
7635
73441
20322
50641
65566
13571
39821
48730
14525
43629
7442
41875
14296
30931
6253
39874
9311
19486
32343
84499
71662
59946
91737
63186
522
32231
10567
26204
88599
42382
90370
13136
9176
61017
24725
97041
57142
50378
63617
72162
78145
22690
54855
11326
49523
95444
75952
96497
58619
35186
93772
17948
56353
47843
60878
69479
73365
16902
17341
75673
81106
93296
87480
93151
8423
97574
96873
69170
45276
70160
89967
73449
47788
13426
57810
54043
10978
91768
71540
20480
88701
28680
63747
74924
28890
53673
75309
73491
15846
27928
50012
3875
56745
3400
64415
91386
94770
34813
395
44882
18669
83909
70348
20068
34579
60390
44005
81228
27816
54219
31732
55385
81469
41646
74648
46797
88669
86094
81792
19115
57028
60845
8314
51650
33344
82623
13187
46103
68734
63134
9431
8760
77488
14406
17968
64026
64661
37861
96265
1016
32637
38484
72022
63514
50972
76595
50903
23245
89568
80755
65891
46376
64723
77042
93026
13529
43876
53241
75576
6898
97705
76003
29133
87957
17907
54108
86688
37481
80102
44136
98809
52660
90487
22784
2033
4736
80759
29581
39020
11055
16784
16668
52606
96009
87740
79282
36255
23684
40613
72540
30427
59552
11968
93422
36817
28428
53225
21028
36552
20202
74657
19522
60412
59851
29872
53384
8014
1974
78482
14818
10297
13470
51222
26141
15853
47493
43314
52154
54681
54544
15400
4635
43162
91168
93851
22793
62020
28918
66509
63085
54693
41249
83666
25128
22278
23692
98971
80271
57307
58156
94848
74189
55416
5842
33702
319
53342
7557
49372
9276
28698
78487
65217
54210
4930
71819
72668
66106
46369
42051
91598
53841
97894
18793
59007
69334
8312
72638
90543
82553
9679
64070
56024
37317
31950
6517
51609
114
47954
66913
78158
83214
1003
24428
9505
93642
41362
54433
97176
1378
63247
97412
85778
69331
28957
61730
30009
33137
80482
99056
58415
46951
32626
71653
65841
36463
72218
44666
97257
77765
19397
2784
86135
85048
19877
28116
3242
68685
72537
63106
15373
4540
8014
67876
63738
78996
29825
3160
78969
10013
79219
65125
12758
99527
12196
51887
66067
34950
82865
12775
82187
27349
92559
21878
76457
26771
88331
70327
80389
48365
71416
18984
18482
74763
4771
12966
50505
94389
13911
99306
98280
99235
82693
25161
38594
21131
2254
30782
67007
80390
3662
31200
76743
17328
54533
64840
49576
40202
944
26845
45160
43297
1884
62436
13879
5136
30537
26720
24945
39238
53377
3429
32798
92667
3330
7963
85987
52451
89432
76768
30380
76752
83286
83607
77328
45710
14917
4867
13229
96499
52251
93068
89876
28043
5568
81806
95099
47773
58971
47120
51110
91945
32651
40668
85754
68629
98679
34554
94712
44920
71266
26291
79017
2214
45886
71730
99095
22692
20507
13128
25713
41870
32019
26769
1732
8336
2552
20259
78595
88895
22258
25315
32754
32358
98944
67870
54628
61409
59724
61075
91720
37621
62434
86399
22619
87841
98422
91543
19240
47117
27655
53510
96465
87324
51878
9628
72571
14005
63261
80003
32928
16079
25768
67425
17522
71645
27258
55965
46225
51875
14652
33683
63162
24073
32627
90657
18527
19414
63291
30007
57040
64255
8350
33839
60545
90962
33289
39854
91111
97441
38664
59098
89210
76521
47955
97416
22417
11765
30601
21762
82264
16992
19974
53778
29221
82314
88786
19951
4073
28984
3530
32843
23152
95099
85002
35433
39144
54237
99941
1277
60812
10827
45343
58905
13876
10223
11000
21009
55498
32525
86379
86137
30733
66733
93354
58393
23508
72437
25665
8151
56225
34122
74399
42906
94227
9120
9690
18127
15969
67850
55050
86395
49165
16612
41994
36608
64471
57341
45597
45886
29848
52017
81829
42029
97183
57508
78879
19542
42755
78938
66884
22316
66268
14384
10946
68150
44637
83785
23645
17032
92777
54176
35803
51158
88327
34111
28088
58704
81189
61890
62120
14272
18343
3025
2229
48720
66923
4430
40952
88725
76599
16969
8377
53278
97768
89164
61792
21932
58671
39903
41992
21366
3144
70484
53888
47300
59322
72421
64511
15609
72784
6977
9980
4750
10504
11828
88538
69124
54827
85178
84974
28243
58300
96542
8515
43930
9618
38068
67686
37735
19779
45232
88982
47349
53095
60590
53752
33553
97602
89608
89390
43094
53174
35189
97289
41004
31613
53104
17452
12873
57015
92318
63832
41924
3519
33992
91819
50441
684
71781
59057
62043
15225
94555
41017
28461
83756
75378
72701
34493
15120
48395
28371
3400
65428
95753
23222
66471
73185
20263
14147
91186
87363
37667
64887
79073
57451
80070
67853
19841
43781
48325
73133
67881
69607
36265
79
59152
52318
44329
89750
96542
12194
93206
21060
856
92209
5361
36150
93633
26850
23036
91606
20530
9771
43011
66316
23152
62656
76558
67793
27702
39665
52632
30079
31406
51229
6550
87466
39403
56833
28636
37189
10914
14629
85647
85357
14313
93496
40542
40677
94308
70681
2097
88448
38637
9639
80517
14793
7207
11716
16616
76384
72644
87581
91887
8744
90469
54164
77847
25540
18659
26542
33187
46722
93671
30293
15293
41881
70569
27158
12536
3654
73001
33936
75056
17487
43666
17098
49931
99269
28254
66253
37853
90731
91628
36634
31067
26110
27356
11198
39649
96648
21262
98847
36355
64826
19170
76541
26388
63998
9509
70784
81003
16202
88819
28127
76462
54268
28940
22402
86940
2267
57707
47584
83106
6071
12950
66693
86096
68985
67470
79146
74793
15047
22906
99106
55772
29562
52106
54585
76985
77259
74056
33292
46846
39684
72267
42749
75030
2529
99290
15185
3638
44261
89419
167
977
9415
78200
78376
98642
47741
4392
63989
26577
76694
33852
30463
98626
45929
97983
96031
90764
51133
31220
63048
59785
17270
23293
86068
54740
70888
63147
91438
69592
33284
93866
67216
75479
27930
17874
48032
77527
47759
97199
74420
4105
74111
26299
82405
27872
32074
47039
97147
6314
41386
48963
61051
13569
30020
51980
90127
85703
87598
82591
77236
9947
60916
77129
15967
30260
35159
50415
79733
16999
60785
92804
26415
90214
90215
40847
45920
13950
4812
90363
99003
14166
99262
16821
55630
82300
80575
43434
99508
63532
50112
8279
63154
65580
43506
59640
63831
53915
6871
19475
27053
56095
89371
24268
15227
31594
20409
66975
98323
58990
32200
56384
86660
53104
45943
2819
2591
42838
54523
1869
3702
36557
48145
56954
13458
73447
25488
71008
85602
53849
48602
41379
73675
97039
91390
89368
79187
55387
87076
57602
45588
6130
79992
13159
25039
93644
14795
70921
91483
64330
75948
75125
13667
336
37483
32813
72553
28135
51651
26955
74761
33274
95191
73265
68313
11664
93202
84362
47142
81540
20851
12016
83779
77488
76005
78099
28113
2037
69751
20991
67068
42085
16711
45535
10949
79092
44819
19335
31296
12116
26156
57332
71743
28227
84714
57206
65188
78610
59841
61972
83596
82559
23738
42006
33980
70591
26493
85069
63500
60694
15852
57337
41694
61818
36945
89818
4709
42196
61140
37438
43065
40011
43092
34716
45550
76669
8087
85841
35875
163
84882
80088
7182
80062
10169
80842
8496
89357
57147
70962
57084
61696
44667
5278
85650
18094
76105
20579
89765
82440
62506
36378
8963
64292
69345
7791
30144
5999
50074
78427
68855
33646
56976
51206
63550
69310
61559
3529
43895
35837
99700
86482
54279
12809
21980
66729
26380
53790
81894
19715
8163
11203
94932
46828
31802
12044
29493
73760
33311
42340
87712
1635
50296
43857
1368
90779
60607
96433
46575
15716
55560
86383
57787
69085
19388
7581
29156
48142
67346
57748
811
70893
9387
1656
84339
50661
57187
23025
90929
29490
84282
93323
14084
42350
21149
41693
98226
42704
54310
30540
14029
73216
3821
57279
21908
45488
77632
4147
62645
8479
24132
53679
90844
83482
54552
68567
85215
79831
69068
68333
31675
68917
86110
65879
62261
35591
6425
5896
23630
64627
27473
40630
41726
88355
22331
66897
22479
45048
98515
68137
26901
36931
96679
58263
73052
80942
71145
8423
55986
70821
40976
32423
9128
16097
96165
38958
32978
48879
79213
8671
44076
59520
94532
85215
99439
38535
73734
36762
99263
22744
29391
50646
12900
96560
41848
34923
92181
53286
50599
73371
49129
66381
32437
51280
79452
64183
92197
44002
51219
57453
46674
69915
8600
88598
58970
72525
36379
68287
76709
588
14103
44460
42680
20560
37389
85688
80126
61054
80814
22040
36696
68442
37203
95258
94822
82078
29266
10553
98741
26124
23152
83215
50099
95516
7517
88110
34424
29097
8555
38369
95350
43180
30953
69265
15754
9855
67391
42668
34401
39570
1762
6699
17877
28454
23167
53702
61202
6386
62168
97421
9268
78603
13239
35506
30016
65867
3107
62225
16720
31963
21798
77011
7588
33973
34507
59116
19598
36652
28470
69826
27212
80984
98717
13198
72322
39297
7836
66346
44621
27458
65768
95196
6023
27713
56727
81308
51570
74846
49743
4259
7499
49088
66314
50432
99853
72877
62813
83003
48504
66863
22607
95189
64262
70430
67504
58896
62724
56110
59681
87122
96371
16436
7290
4453
28799
44468
6099
93264
16001
86108
94760
92591
65441
98911
90774
22770
56322
40577
49927
82775
6968
9972
44581
7437
55092
9545
71393
52524
75734
65529
95642
86439
44016
12934
49187
43602
74092
57493
49535
81929
87644
37448
11909
64839
22617
35422
46572
19187
53168
17946
9023
44196
88159
24614
53594
50517
88560
90975
13991
72117
99641
90094
8597
5324
39596
4757
4875
47288
28157
880
60711
91570
27553
94174
93593
29900
22641
92688
10401
68015
82698
33575
96974
45565
3641
27579
24226
54608
83346
50853
73999
45655
35796
93129
66295
90728
69713
30715
11147
30700
18485
39784
73846
69572
30730
17947
91267
83248
64068
21024
57841
39695
11457
80208
58963
8870
25520
96652
32137
86451
90130
47898
990
19470
79437
2519
16936
67652
12873
31285
13446
59808
84463
57673
71851
45039
74460
19152
28731
23989
38666
77679
44944
78740
87589
20320
95744
18278
49924
38886
46902
65915
89767
48577
20283
53275
24098
61259
50213
32747
25994
39826
40977
42242
91504
20486
92169
93381
96024
82805
71444
10001
80335
77518
80112
245
49234
13262
64260
1186
59914
91005
21013
66555
36978
20761
37144
49561
43956
62975
93080
20525
96592
43595
26658
6231
51252
22808
4351
3138
86811
41800
82299
57468
88448
48009
67464
7001
18792
12517
43588
93149
39690
65432
28150
27799
86337
10274
63331
64108
8734
109
48530
36127
86199
66230
47884
43637
12427
93535
10121
35172
96663
78899
82569
74996
62320
18447
61636
34000
4306
68100
41190
34214
53369
12184
876
89891
11287
94692
61098
57368
23776
54315
25500
60661
25893
81222
4509
67744
68753
43827
31727
5831
6792
81928
82354
60652
19605
81677
70167
10876
86476
12356
27564
20905
77796
29150
51701
96363
65770
79663
52001
38369
52402
47701
2849
48511
43442
80929
7074
25645
65851
89868
73596
59287
90395
89066
42165
6644
84913
67786
40984
62415
52576
12102
12125
39496
84259
76451
36852
49380
76509
925
30762
13208
90851
60791
6145
83735
23908
21431
75841
60754
83604
80635
20703
63339
19553
4955
56271
41435
47030
5251
59896
22875
75989
72670
24020
96411
53812
30411
17277
32748
98952
66025
62801
72744
80529
80362
59174
95959
66728
76323
75935
7180
27594
73344
87801
84456
51220
2874
63370
7876
52638
69540
44626
34805
56728
65961
9853
30696
92478
42242
71273
67934
13306
80947
33674
50042
81007
7196
31729
97219
19891
94789
14448
19080
5075
58296
19154
67218
63573
45769
18238
78527
82772
67431
33040
92469
27919
36997
82658
2791
29417
61794
37293
80488
98035
38235
37338
21458
73283
45316
94587
84664
16942
6360
76233
44454
52187
73088
59085
27530
35955
25143
83431
2871
16379
14101
94446
49064
37891
55740
62096
56231
28496
27333
93421
63366
74069
4738
53348
75320
736
784
3707
94645
71030
22228
38546
50456
1514
83780
57742
90091
22634
75380
26375
62313
68824
44024
95720
97757
25322
58090
69893
99706
93055
89851
58483
2887
84226
58498
23757
50518
83074
6491
9691
25164
64595
68530
48372
56443
2135
64923
24150
81798
90041
83376
42153
23011
13088
80285
93601
1400
3391
44654
49918
36284
68621
34373
32193
881
53854
34013
60946
89673
37930
78230
97479
56339
99619
76041
13177
13676
8720
86382
12989
70972
98578
66529
94716
23616
44545
27090
60798
92209
237
35626
27613
85323
19760
43865
76733
626
72399
57676
39973
2030
40071
68154
65578
24879
83826
77748
4146
33349
56398
10334
47239
86847
26333
35600
46682
95973
34651
67049
45738
75480
61721
89715
69253
23909
85972
20572
90260
54712
8593
11159
60795
38286
29144
13533
35710
36464
25322
74749
25669
20276
74556
82633
11456
3510
62973
16367
45050
97917
35956
43762
43474
72780
66954
74119
32512
54996
8649
38540
36160
17234
55312
94764
17568
14702
19656
73592
70534
50859
92132
72687
4718
76865
16069
86428
14145
60149
66733
19383
39804
94406
86854
54259
78769
88617
42112
37179
83226
29440
88357
2631
27252
30168
4308
47767
62954
61864
96362
66595
31786
80926
77456
96372
98065
79716
19921
52101
31334
79839
57748
99512
17584
30263
71282
79104
23170
62297
35883
9648
64027
31656
12435
78015
9690
82077
57005
21526
49313
49921
4228
13513
7197
75797
35807
24613
60542
71642
49617
6977
38766
37995
53833
97502
42500
10526
22694
18737
68957
6111
30823
46548
57175
65662
24415
99844
49933
13905
47318
1073
91285
93933
74571
28716
33189
44066
19210
84870
82873
76978
40513
74148
69969
87884
33902
86927
45754
53290
30923
1724
41453
93377
95654
41417
5270
19779
96985
41286
29343
64428
29648
13571
43696
50923
87699
60586
45664
91531
55656
2902
33705
15769
26324
50748
19081
26706
79446
47471
15383
3679
94062
34075
47463
49704
57266
15466
24966
48444
56781
9190
52560
40727
49493
14738
26449
315
84851
224
94435
87026
55983
35774
29710
52046
65876
64892
46402
11131
48046
38248
26568
61565
34810
42859
77450
8737
87381
21664
21180
94146
76837
22427
98941
36167
3647
91672
78138
71245
26286
4420
84022
57136
80048
98734
30914
94529
20522
41393
38881
57938
74158
33378
14341
10035
36569
22234
2904
54714
54042
81548
98104
48747
35652
3127
23191
26678
99873
30298
17262
94216
95702
13024
61973
4921
97488
95762
75788
44725
25541
47527
32712
12958
73227
41313
99199
37467
34433
49467
87167
18564
54082
78072
20242
32258
3096
11847
9774
86896
45170
42585
56534
8811
83893
5210
52963
59903
47222
79810
76294
93981
42339
22994
15984
62686
71704
93589
13768
27371
60453
40634
13133
9070
82485
71873
54981
83040
45597
24631
62258
23225
94733
34501
58276
31105
50941
34436
88317
56149
78127
26814
63287
67135
5695
72298
54226
16659
42811
60397
44819
89769
47166
19861
45467
83325
90853
28781
71757
71992
5063
35745
51398
15931
15621
33085
56252
46142
49681
20398
68857
44945
47999
5370
59409
93717
77089
59462
46963
27252
95196
4654
81583
45645
74488
5425
53665
32022
65361
39705
21855
80727
93799
30922
26472
44574
15729
82777
13528
25249
30232
55649
99320
83000
20526
3763
64660
17606
90688
38786
51274
74868
87487
78707
44310
31342
61413
50095
90735
82485
20774
73673
57460
94776
37340
67131
88402
34916
83228
20552
52353
69721
16253
68195
2251
86744
47212
2683
89851
41515
19795
43629
72328
55342
14302
91048
66090
92137
37424
62490
32133
87413
38043
10216
35606
63420
84403
3391
86752
24138
12211
82898
60906
29163
21649
4513
98752
19865
17757
92389
58062
40020
47718
94271
45972
93643
71250
23982
60735
75926
29052
26531
37111
44174
33354
74645
15350
78265
58088
76743
27248
59209
14291
86750
80060
53417
82767
18398
72989
99948
22155
84509
1679
97087
55096
4044
46788
76296
12305
33621
34781
45797
53129
34831
74015
64900
76413
44316
94090
68865
90843
80903
59729
28129
58206
96143
30068
48061
93244
4570
92593
19991
5697
89010
84118
53492
61367
33280
37803
53081
85678
50245
43040
43236
97787
92106
22517
74824
28429
75989
21212
51266
30819
8116
52290
74902
14029
90176
31796
16482
41235
28585
68664
57796
25391
61234
88273
9481
87889
15584
68542
28209
11969
77814
38616
41003
51282
53707
92775
25799
40370
94927
34892
11800
72864
12182
14282
58624
40545
38524
95672
65394
92160
57868
9653
13171
24772
57333
28613
95274
43341
62670
41316
12596
18256
85213
78519
54942
74791
34932
86082
60602
64222
46718
48136
9297
48564
11763
28698
22512
11157
3065
72769
50947
92934
83742
73062
7116
59020
86344
64862
65403
32503
1311
42664
22994
52478
47438
93975
81508
73463
88307
81741
47964
87072
46240
21265
20683
93560
28050
2933
36673
79137
98166
226
15291
73703
11722
36415
41259
15614
56329
27857
16871
43260
14635
41935
64729
35049
39142
69443
91283
57050
43592
92544
45294
84557
34090
26640
71561
68373
24818
55949
5193
10334
69249
75613
61802
22319
46218
39277
9322
29345
30517
48223
32814
51946
96974
74621
74918
76861
50367
5807
75895
87425
72077
25473
73412
38903
44022
26523
10104
245
31847
80244
4035
77010
84529
97098
25697
49750
24511
4751
92066
17898
97662
91483
79884
84174
34455
19958
91304
29074
90254
52593
70034
94351
28922
92591
66816
2095
8586
18783
59696
35805
53482
12896
64789
82373
34100
43735
65375
55649
84268
51148
66547
7443
73484
19352
13149
95780
29234
34787
80364
85722
58286
29121
10274
71288
47828
3254
65565
76524
9441
6485
42923
98889
3900
82010
22172
15826
47908
60170
81517
88192
23507
15581
75100
41900
59653
29493
32724
51048
58986
72146
62423
43279
92975
88776
15724
94556
8546
85038
86277
17792
90000
35602
97886
32288
36155
35494
90214
75041
74574
612
11768
30840
8601
31373
66534
28993
947
92026
91263
91241
67523
13223
82824
53550
82809
3673
26599
59848
24804
68478
78988
64138
84754
27415
54171
80616
46718
48104
23472
70856
18742
70240
77753
91268
79213
94490
50917
60398
15850
75791
25682
63285
16495
22967
7222
53967
37478
13932
3917
24544
8531
6403
25922
37073
27650
44241
12608
97485
92922
14552
77562
37302
38640
53097
84779
11950
50814
10697
29484
69705
54885
21182
72730
53130
46330
19380
10940
10201
29208
80569
73363
50215
90247
10699
96117
87660
94699
63923
73805
5086
47768
93269
60496
68971
7399
5908
29871
91935
35460
72942
4841
80514
24080
48941
7945
66233
97835
31214
19220
6983
4845
83563
94477
59913
37158
66602
57818
67453
3736
2161
9581
54891
23443
24455
52969
70878
24530
25318
28976
1648
57847
85495
75272
50856
95262
24649
73964
86518
94542
69034
39498
32092
89863
47643
68909
66488
93421
76438
61198
84101
87746
35869
5298
85905
75209
70673
37192
68728
43261
85535
94126
26831
96007
3002
73864
29195
90853
31571
81240
8771
14718
69529
24317
89914
58415
84901
66928
67156
9873
89508
64450
68994
44388
56519
55172
13526
221
38926
85245
54425
56065
57234
4737
96412
12184
64760
23361
77600
75466
94396
62017
87045
53051
3275
22136
31556
76634
87229
85142
38196
79520
7266
87495
21346
21601
36868
99453
97099
72606
94857
77206
40780
11804
23387
10879
7244
39262
80192
12506
10766
36509
92958
57299
31902
82000
5136
34337
88113
69754
37986
83543
15917
44461
77157
58738
18577
81
41729
18315
86119
72335
16236
77850
99493
90152
4022
40659
14856
50806
45358
6060
59233
50722
78474
79499
37640
79481
19948
73841
44708
90679
42806
36920
6583
33741
45366
92166
94736
32471
75047
67518
45441
81229
40003
36393
25229
56833
73271
6649
34065
77857
46557
56048
9836
34506
89234
57405
11393
10229
11254
51953
7907
78916
89389
86937
84373
71510
83777
5830
59179
58845
80735
10635
22658
98625
75520
15272
75301
77151
12359
6484
75020
41221
87293
70241
22773
22667
46481
94607
17724
30790
68691
13139
26862
24779
85570
26444
30508
7104
13846
89345
25354
33844
91850
36314
1911
72781
17273
83977
17974
23519
30824
87232
25592
27087
96793
69974
41995
41899
49470
8791
69856
78557
11346
60988
77635
36317
48041
9064
10145
97097
13151
27306
70551
87837
18810
24707
41737
73574
95680
62233
27226
86037
10414
51271
12492
15470
80708
34140
56615
48903
26211
19127
75058
28814
45533
90894
52349
66154
87898
61204
82011
84035
96702
60473
53073
74093
45317
54268
50621
11994
75409
27527
97098
24471
26655
75128
65426
3613
58020
24025
21237
93854
92578
31738
79427
16369
46136
49574
97787
47756
58462
31523
50309
36536
41409
14684
55117
34487
32728
81011
44223
94018
2576
37734
75500
77655
97600
69983
89847
74332
42551
88272
92659
28344
29857
32778
63976
59433
78917
50708
81432
20627
48148
25178
30534
54929
25100
4279
73011
54797
29640
98072
93338
84002
27393
79130
28251
90422
35472
89762
40571
77508
29065
33631
90395
274
39165
13870
50404
74060
25479
33663
95006
9885
19948
33738
29545
60312
99553
16269
53346
38102
34048
9066
79553
2369
68329
11260
65342
88831
94538
12889
71615
19413
77465
38325
75308
86898
13060
26628
66743
87407
41076
68310
10239
10387
26438
55634
68871
5131
69821
71474
21470
51745
94490
33746
11925
22562
29734
95844
45882
69282
18055
37148
73576
46367
69677
1065
26564
95671
46856
67150
88038
44381
48511
73423
59998
35027
85078
72222
55666
91690
4372
16914
74860
23868
67364
67548
98669
97227
62326
32144
76208
48506
73076
39374
22228
29426
78415
22103
83419
39422
58847
83482
22175
75342
38401
67063
61921
39523
80363
58667
79501
83852
13517
11453
34889
3570
41132
68862
90647
1724
5788
54368
31159
56586
53971
86801
95389
42915
14531
80941
20905
29592
33617
68989
19111
25789
75015
14604
91018
21317
68460
99279
98358
23874
83400
33814
66116
37733
81235
581
62959
37656
88271
23312
59522
95348
74619
30894
47311
6441
77450
79358
35624
27988
50985
63080
76544
17409
47288
91621
47252
98489
31955
98613
69219
14096
77106
21356
86920
73431
43143
95506
44513
80535
45307
62584
36025
48104
92155
17292
31084
48179
58857
70409
72568
91659
47702
72572
37474
78530
87982
41493
96373
65503
33330
56904
71210
17244
94835
53656
81117
90844
960
58111
72931
35464
25247
11366
40311
67500
81264
56009
80704
31045
51430
5262
14875
14769
31311
65578
91251
6235
26630
76127
98325
1964
30771
590
11787
96306
32127
2660
16188
43833
94447
48245
15340
37683
1125
12732
45048
18226
42632
25868
49429
71051
39533
87009
73408
2267
66692
30618
67789
54035
39916
99935
57114
97668
16024
82492
38567
50733
63852
60024
66169
46624
16260
21288
35908
72296
29319
69980
93523
40865
10789
28772
14660
5852
57537
23763
23842
443
43640
80939
27975
3727
4396
87409
71554
13283
79622
65720
31727
46509
12454
82120
63231
58862
84829
63844
47034
99567
72144
24119
36858
64012
72728
82263
71862
59322
77606
81248
15251
77817
5355
27109
68720
10294
53893
91104
78163
54720
44449
11345
28767
42559
9756
11529
22694
68515
77821
17328
1360
95852
94938
19323
2683
90671
70693
69326
39454
37892
45430
91643
10211
15828
86804
50196
40395
14436
78305
43315
34713
64415
81749
55270
1362
1499
49407
32401
55269
85323
43361
90818
76849
85806
12913
904
19032
