78899
82569
74996
62320
18447
61636
34000
4306
68100
41190
34214
53369
12184
876
89891
11287
94692
61098
57368
23776
54315
25500
60661
25893
81222
4509
67744
68753
43827
31727
5831
6792
81928
82354
60652
19605
81677
70167
10876
86476
12356
27564
20905
77796
29150
51701
96363
65770
79663
52001
38369
52402
47701
2849
48511
43442
80929
7074
25645
65851
89868
73596
59287
90395
89066
42165
6644
84913
67786
40984
62415
52576
12102
12125
39496
84259
76451
36852
49380
76509
925
30762
13208
90851
60791
6145
83735
23908
21431
75841
60754
83604
80635
20703
63339
19553
4955
56271
41435
47030
5251
59896
22875
75989
72670
24020
96411
53812
30411
17277
32748
98952
66025
62801
72744
80529
80362
59174
95959
66728
76323
75935
7180
27594
73344
87801
84456
51220
2874
63370
7876
52638
69540
44626
34805
56728
65961
9853
30696
92478
42242
71273
67934
13306
80947
33674
50042
81007
7196
31729
97219
19891
94789
14448
19080
5075
58296
19154
67218
63573
45769
18238
78527
82772
67431
33040
92469
27919
36997
82658
2791
29417
61794
37293
80488
98035
38235
37338
21458
73283
45316
94587
84664
16942
6360
76233
44454
52187
73088
59085
27530
35955
25143
83431
2871
16379
14101
94446
49064
37891
55740
62096
56231
28496
27333
93421
63366
74069
4738
53348
75320
736
784
3707
94645
71030
22228
38546
50456
1514
83780
57742
90091
22634
75380
26375
62313
68824
44024
95720
97757
25322
58090
69893
99706
93055
89851
58483
2887
84226
58498
23757
50518
83074
6491
9691
25164
64595
68530
48372
56443
2135
64923
24150
81798
90041
83376
42153
23011
13088
80285
93601
1400
3391
44654
49918
36284
68621
34373
32193
881
53854
34013
60946
89673
37930
78230
97479
56339
99619
76041
13177
13676
8720
86382
12989
70972
98578
66529
94716
23616
44545
27090
60798
92209
237
35626
27613
85323
19760
43865
76733
626
72399
57676
39973
2030
40071
68154
65578
24879
83826
77748
4146
33349
56398
10334
47239
86847
26333
35600
46682
95973
34651
67049
45738
75480
61721
89715
69253
23909
85972
20572
90260
54712
8593
11159
60795
38286
29144
13533
35710
36464
25322
74749
25669
20276
74556
82633
11456
3510
62973
16367
45050
97917
35956
43762
43474
72780
66954
74119
32512
54996
8649
38540
36160
17234
55312
94764
17568
14702
19656
73592
70534
50859
92132
72687
4718
76865
16069
86428
14145
60149
66733
19383
39804
94406
86854
54259
78769
88617
42112
37179
83226
29440
88357
2631
27252
30168
4308
47767
62954
61864
96362
66595
31786
80926
77456
96372
98065
79716
19921
52101
31334
79839
57748
99512
17584
30263
71282
79104
23170
62297
35883
9648
64027
31656
12435
78015
9690
82077
57005
21526
49313
49921
4228
13513
7197
75797
35807
24613
60542
71642
49617
6977
38766
37995
53833
97502
42500
10526
22694
18737
68957
6111
30823
46548
57175
65662
24415
99844
49933
13905
47318
1073
91285
93933
74571
28716
33189
44066
19210
84870
82873
76978
40513
74148
69969
87884
33902
86927
45754
53290
30923
1724
41453
93377
95654
41417
5270
19779
96985
41286
29343
64428
29648
13571
43696
50923
87699
60586
45664
91531
55656
2902
33705
15769
26324
50748
19081
26706
79446
47471
15383
3679
94062
34075
47463
49704
57266
15466
24966
48444
56781
9190
52560
40727
49493
14738
26449
315
84851
224
94435
87026
55983
35774
29710
52046
65876
64892
46402
11131
48046
38248
26568
61565
34810
42859
77450
8737
87381
21664
21180
94146
76837
22427
98941
36167
3647
91672
78138
71245
26286
4420
84022
57136
80048
98734
30914
94529
20522
41393
38881
57938
74158
33378
14341
10035
36569
22234
2904
54714
54042
81548
98104
48747
35652
3127
23191
26678
99873
30298
17262
94216
95702
13024
61973
4921
97488
95762
75788
44725
25541
47527
32712
12958
73227
41313
99199
37467
34433
49467
87167
18564
54082
78072
20242
32258
3096
11847
9774
86896
45170
42585
56534
8811
83893
5210
52963
59903
47222
79810
76294
93981
42339
22994
15984
62686
71704
93589
13768
27371
60453
40634
13133
9070
82485
71873
54981
83040
45597
24631
62258
23225
94733
34501
58276
31105
50941
34436
88317
56149
78127
26814
63287
67135
5695
72298
54226
16659
42811
60397
44819
89769
47166
19861
45467
83325
90853
28781
71757
71992
5063
35745
51398
15931
15621
33085
56252
46142
49681
20398
68857
44945
47999
5370
59409
93717
77089
59462
46963
27252
95196
4654
81583
45645
74488
5425
53665
32022
65361
39705
21855
80727
93799
30922
26472
44574
15729
82777
13528
25249
30232
55649
99320
83000
20526
3763
64660
17606
90688
38786
51274
74868
87487
78707
44310
31342
61413
50095
90735
82485
20774
73673
57460
94776
37340
67131
88402
34916
83228
20552
52353
69721
16253
68195
2251
86744
47212
2683
89851
41515
19795
43629
72328
55342
14302
91048
66090
92137
37424
62490
32133
87413
38043
10216
35606
63420
84403
3391
86752
24138
12211
82898
60906
29163
21649
4513
98752
19865
17757
92389
58062
40020
47718
94271
45972
93643
71250
23982
60735
75926
29052
26531
37111
44174
33354
74645
15350
78265
58088
76743
27248
59209
14291
86750
80060
53417
82767
18398
72989
99948
22155
84509
1679
97087
55096
4044
46788
76296
12305
33621
34781
45797
53129
34831
74015
64900
76413
44316
94090
68865
90843
80903
59729
28129
58206
96143
30068
48061
93244
4570
92593
19991
5697
89010
84118
53492
61367
33280
37803
53081
85678
50245
43040
43236
97787
92106
22517
74824
28429
75989
21212
51266
30819
8116
52290
74902
14029
90176
31796
16482
41235
28585
68664
57796
25391
61234
88273
9481
87889
15584
68542
28209
11969
77814
38616
41003
51282
53707
92775
25799
40370
94927
34892
11800
72864
12182
14282
58624
40545
38524
95672
65394
92160
57868
9653
13171
24772
57333
28613
95274
43341
62670
41316
12596
18256
85213
78519
54942
74791
34932
86082
60602
64222
46718
48136
9297
48564
11763
28698
22512
11157
3065
72769
50947
92934
83742
73062
7116
59020
86344
64862
65403
32503
1311
42664
22994
52478
47438
93975
81508
73463
88307
81741
47964
87072
46240
21265
20683
93560
28050
2933
36673
79137
98166
226
15291
73703
11722
36415
41259
15614
56329
27857
16871
43260
14635
41935
64729
35049
39142
69443
91283
57050
43592
92544
45294
84557
