55821
62096
81583
5937
24750
72397
83
82945
8481
699
85540
70552
43018
50284
93171
53798
13574
33546
91101
4057
32285
11917
82175
97042
42363
75904
51701
1999
32282
76161
5506
42624
23987
43489
68354
23997
19436
77317
44108
17265
85917
25661
58982
27139
76624
89507
88075
86301
24302
74638
33830
25523
99776
91152
66223
748
76095
52528
33260
13384
33763
64079
94780
64934
42612
13004
95845
42096
56197
41779
74343
38305
12967
64308
88477
65847
15206
80706
31387
15243
50580
55307
62578
16535
68289
32820
13467
53433
51468
99253
70128
52563
20550
80681
76167
41169
63422
5834
19014
45352
