Script started on Fri 06 May 2016 08:48:48 AM PDT

alexmcnurlin@Laquisha:~/Google Drive/schoolStuff/cs121/hw6$ ./selSort
Enter filename: numbers_100.txt
Sorting...
SelectionSort() finished
------------------------
[ 83, 699, 748, 1999, 4057, 5506, 5834, 5937, 8481, 11917, 12967, 13004, 13384, 13467, 13574, 15206, 15243, 16535, 17265, 19014, 19436, 20550, 23987, 23997, 24302, 24750, 25523, 25661, 27139, 31387, 32282, 32285, 32820, 33260, 33546, 33763, 33830, 38305, 41169, 41779, 42096, 42363, 42612, 42624, 43018, 43489, 44108, 45352, 50284, 50580, 51468, 51701, 52528, 52563, 53433, 53798, 55307, 55821, 56197, 58982, 62096, 62578, 63422, 64079, 64308, 64934, 65847, 66223, 68289, 68354, 70128, 70552, 72397, 74343, 74638, 75904, 76095, 76161, 76167, 76624, 77317, 80681, 80706, 81583, 82175, 82945, 85540, 85917, 86301, 88075, 88477, 89507, 91101, 91152, 93171, 94780, 95845, 97042, 99253 ] 
Number of comparisons: 5150
Number of swaps: 94
alexmcnurlin@Laquisha:~/Google Drive/schoolStuff/cs121/hw6$ ./mergeSort
Enter filename: numbers_100.txt
Sorting...
[ 83, 699, 748, 1999, 4057, 5506, 5834, 5937, 8481, 11917, 12967, 13004, 13384, 13467, 13574, 15206, 15243, 16535, 17265, 19014, 19436, 20550, 23987, 23997, 24302, 24750, 25523, 25661, 27139, 31387, 32282, 32285, 32820, 33260, 33546, 33763, 33830, 38305, 41169, 41779, 42096, 42363, 42612, 42624, 43018, 43489, 44108, 45352, 50284, 50580, 51468, 51701, 52528, 52563, 53433, 53798, 55307, 55821, 56197, 58982, 62096, 62578, 63422, 64079, 64308, 64934, 65847, 66223, 68289, 68354, 70128, 70552, 72397, 74343, 74638, 75904, 76095, 76161, 76167, 76624, 77317, 80681, 80706, 81583, 82175, 82945, 85540, 85917, 86301, 88075, 88477, 89507, 91101, 91152, 93171, 94780, 95845, 97042, 99253 ] 
Number of comparisons: 544
Number of swaps: 257
alexmcnurlin@Laquisha:~/Google Drive/schoolStuff/cs121/hw6$ ./quickSort 
Enter filename: numbers_100.txt
Sorting...
[ 83, 699, 748, 1999, 4057, 5506, 5834, 5937, 8481, 11917, 12967, 13004, 13384, 13467, 13574, 15206, 15243, 16535, 17265, 19014, 19436, 20550, 23987, 23997, 24302, 24750, 25523, 25661, 27139, 31387, 32282, 32285, 32820, 33260, 33546, 33763, 33830, 38305, 41169, 41779, 42096, 42363, 42612, 42624, 43018, 43489, 44108, 45352, 50284, 50580, 51468, 51701, 52528, 52563, 53433, 53798, 55307, 55821, 56197, 58982, 62096, 62578, 63422, 64079, 64308, 64934, 65847, 66223, 68289, 68354, 70128, 70552, 72397, 74343, 74638, 75904, 76095, 76161, 76167, 76624, 77317, 80681, 80706, 81583, 82175, 82945, 85540, 85917, 86301, 88075, 88477, 89507, 91101, 91152, 93171, 94780, 95845, 97042, 99253 ] 
Number of comparisons: 651
Number of swaps: 373
]0;alexmcnurlin@Laquisha: ~/Google Drive/schoolStuff/cs121/hw6alexmcnurlin@Laquisha:~/Google Drive/schoolStuff/cs121/hw6$ exit

Script done on Fri 06 May 2016 08:49:56 AM PDT
